0, 0
0, 1
0, 2
0, 3
0, 4
0, 5
0, 6
0, 7
1, 8
1, 9
1, 10
1, 11
2, 12
2, 13
2, 14
2, 15
0, 16
0, 17
0, 18
0, 19
1, 20
1, 21
1, 22
1, 23
2, 24
2, 25
2, 26
2, 27
0, 28
0, 29
0, 30
0, 31
1, 32
1, 33
1, 34
1, 35
0, 36
0, 37
0, 38
0, 39
1, 40
1, 41
1, 42
1, 43
3, 44
3, 45
3, 46
3, 47
4, 48
4, 49
4, 50
4, 51
0, 52
0, 53
0, 54
0, 55
1, 56
1, 57
1, 58
1, 59
3, 60
3, 61
3, 62
3, 63
4, 64
4, 65
4, 66
4, 67
0, 68
0, 69
0, 70
0, 71
1, 72
1, 73
1, 74
1, 75
4, 76
4, 77
4, 78
4, 79
0, 80
0, 81
0, 82
0, 83
1, 84
1, 85
1, 86
1, 87
4, 88
4, 89
4, 90
4, 91
0, 92
0, 93
0, 94
0, 95
1, 96
1, 97
1, 98
1, 99
4, 100
4, 101
4, 102
4, 103
0, 104
0, 105
0, 106
0, 107
1, 108
1, 109
1, 110
1, 111
4, 112
4, 113
4, 114
4, 115
0, 116
0, 117
0, 118
0, 119
1, 120
1, 121
1, 122
1, 123
4, 124
4, 125
4, 126
4, 127
0, 128
0, 129
0, 130
0, 131
1, 132
1, 133
1, 134
1, 135
4, 136
4, 137
4, 138
4, 139
0, 140
0, 141
0, 142
0, 143
1, 144
1, 145
1, 146
1, 147
4, 148
4, 149
4, 150
4, 151
0, 152
0, 153
0, 154
0, 155
1, 156
1, 157
1, 158
1, 159
5, 160
5, 161
5, 162
5, 163
4, 164
4, 165
4, 166
4, 167
0, 168
0, 169
0, 170
0, 171
1, 172
1, 173
1, 174
1, 175
5, 176
5, 177
5, 178
5, 179
4, 180
4, 181
4, 182
4, 183
0, 184
0, 185
0, 186
0, 187
1, 188
1, 189
1, 190
1, 191
5, 192
5, 193
5, 194
5, 195
4, 196
4, 197
4, 198
4, 199
0, 200
0, 201
0, 202
0, 203
1, 204
1, 205
1, 206
1, 207
5, 208
5, 209
5, 210
5, 211
0, 212
0, 213
0, 214
0, 215
1, 216
1, 217
1, 218
1, 219
5, 220
5, 221
5, 222
5, 223
0, 224
0, 225
0, 226
0, 227
1, 228
1, 229
1, 230
1, 231
5, 232
5, 233
5, 234
5, 235
0, 236
0, 237
0, 238
0, 239
1, 240
1, 241
1, 242
1, 243
5, 244
5, 245
5, 246
5, 247
0, 248
0, 249
0, 250
0, 251
1, 252
1, 253
1, 254
1, 255
5, 256
5, 257
5, 258
5, 259
0, 260
0, 261
0, 262
0, 263
1, 264
1, 265
1, 266
1, 267
5, 268
5, 269
5, 270
5, 271
0, 272
0, 273
0, 274
0, 275
1, 276
1, 277
1, 278
1, 279
5, 280
5, 281
5, 282
5, 283
0, 284
0, 285
0, 286
0, 287
1, 288
1, 289
1, 290
1, 291
5, 292
5, 293
5, 294
5, 295
0, 296
0, 297
0, 298
0, 299
1, 300
1, 301
1, 302
1, 303
5, 304
5, 305
5, 306
5, 307
0, 308
0, 309
0, 310
0, 311
1, 312
1, 313
1, 314
1, 315
5, 316
5, 317
5, 318
5, 319
0, 320
0, 321
0, 322
0, 323
1, 324
1, 325
1, 326
1, 327
5, 328
5, 329
5, 330
5, 331
0, 332
0, 333
0, 334
0, 335
1, 336
1, 337
1, 338
1, 339
5, 340
5, 341
5, 342
5, 343
0, 344
0, 345
0, 346
0, 347
5, 348
5, 349
5, 350
5, 351
0, 352
0, 353
0, 354
0, 355
5, 356
5, 357
5, 358
5, 359
0, 360
0, 361
0, 362
0, 363
5, 364
5, 365
5, 366
5, 367
0, 368
0, 369
0, 370
0, 371
6, 372
6, 373
6, 374
6, 375
5, 376
5, 377
5, 378
5, 379
0, 380
0, 381
0, 382
0, 383
7, 384
7, 385
7, 386
7, 387
0, 388
0, 389
0, 390
0, 391
7, 392
7, 393
7, 394
7, 395
0, 396
0, 397
0, 398
0, 399
0, 400
0, 401
0, 402
0, 403
0, 404
0, 405
0, 406
0, 407
8, 408
8, 409
8, 410
8, 411
0, 412
0, 413
0, 414
0, 415
8, 416
8, 417
8, 418
8, 419
0, 420
0, 421
0, 422
0, 423
0, 424
0, 425
0, 426
0, 427
5, 428
5, 429
5, 430
5, 431
9, 432
9, 433
9, 434
9, 435
0, 436
0, 437
0, 438
0, 439
5, 440
5, 441
5, 442
5, 443
9, 444
9, 445
9, 446
9, 447
0, 448
0, 449
0, 450
0, 451
5, 452
5, 453
5, 454
5, 455
0, 456
0, 457
0, 458
0, 459
5, 460
5, 461
5, 462
5, 463
0, 464
0, 465
0, 466
0, 467
5, 468
5, 469
5, 470
5, 471
0, 472
0, 473
0, 474
0, 475
10, 476
10, 477
10, 478
10, 479
5, 480
5, 481
5, 482
5, 483
0, 484
0, 485
0, 486
0, 487
11, 488
11, 489
11, 490
11, 491
5, 492
5, 493
5, 494
5, 495
0, 496
0, 497
0, 498
0, 499
11, 500
11, 501
11, 502
11, 503
5, 504
5, 505
5, 506
5, 507
0, 508
0, 509
0, 510
0, 511
11, 512
11, 513
11, 514
11, 515
5, 516
5, 517
5, 518
5, 519
0, 520
0, 521
0, 522
0, 523
11, 524
11, 525
11, 526
11, 527
5, 528
5, 529
5, 530
5, 531
0, 532
0, 533
0, 534
0, 535
11, 536
11, 537
11, 538
11, 539
5, 540
5, 541
5, 542
5, 543
0, 544
0, 545
0, 546
0, 547
11, 548
11, 549
11, 550
11, 551
5, 552
5, 553
5, 554
5, 555
0, 556
0, 557
0, 558
0, 559
11, 560
11, 561
11, 562
11, 563
5, 564
5, 565
5, 566
5, 567
12, 568
12, 569
12, 570
12, 571
11, 572
11, 573
11, 574
11, 575
5, 576
5, 577
5, 578
5, 579
12, 580
12, 581
12, 582
12, 583
11, 584
11, 585
11, 586
11, 587
5, 588
5, 589
5, 590
5, 591
0, 592
0, 593
0, 594
0, 595
11, 596
11, 597
11, 598
11, 599
5, 600
5, 601
5, 602
5, 603
0, 604
0, 605
0, 606
0, 607
11, 608
11, 609
11, 610
11, 611
5, 612
5, 613
5, 614
5, 615
13, 616
13, 617
13, 618
13, 619
11, 620
11, 621
11, 622
11, 623
5, 624
5, 625
5, 626
5, 627
13, 628
13, 629
13, 630
13, 631
11, 632
11, 633
11, 634
11, 635
5, 636
5, 637
5, 638
5, 639
13, 640
13, 641
13, 642
13, 643
11, 644
11, 645
11, 646
11, 647
5, 648
5, 649
5, 650
5, 651
14, 652
14, 653
14, 654
14, 655
13, 656
13, 657
13, 658
13, 659
11, 660
11, 661
11, 662
11, 663
5, 664
5, 665
5, 666
5, 667
14, 668
14, 669
14, 670
14, 671
13, 672
13, 673
13, 674
13, 675
11, 676
11, 677
11, 678
11, 679
5, 680
5, 681
5, 682
5, 683
14, 684
14, 685
14, 686
14, 687
13, 688
13, 689
13, 690
13, 691
11, 692
11, 693
11, 694
11, 695
5, 696
5, 697
5, 698
5, 699
14, 700
14, 701
14, 702
14, 703
13, 704
13, 705
13, 706
13, 707
11, 708
11, 709
11, 710
11, 711
5, 712
5, 713
5, 714
5, 715
14, 716
14, 717
14, 718
14, 719
13, 720
13, 721
13, 722
13, 723
11, 724
11, 725
11, 726
11, 727
15, 728
15, 729
15, 730
15, 731
14, 732
14, 733
14, 734
14, 735
13, 736
13, 737
13, 738
13, 739
11, 740
11, 741
11, 742
11, 743
15, 744
15, 745
15, 746
15, 747
14, 748
14, 749
14, 750
14, 751
13, 752
13, 753
13, 754
13, 755
11, 756
11, 757
11, 758
11, 759
15, 760
15, 761
15, 762
15, 763
14, 764
14, 765
14, 766
14, 767
13, 768
13, 769
13, 770
13, 771
11, 772
11, 773
11, 774
11, 775
15, 776
15, 777
15, 778
15, 779
14, 780
14, 781
14, 782
14, 783
13, 784
13, 785
13, 786
13, 787
11, 788
11, 789
11, 790
11, 791
13, 792
13, 793
13, 794
13, 795
5, 796
5, 797
5, 798
5, 799
11, 800
11, 801
11, 802
11, 803
13, 804
13, 805
13, 806
13, 807
5, 808
5, 809
5, 810
5, 811
11, 812
11, 813
11, 814
11, 815
13, 816
13, 817
13, 818
13, 819
5, 820
5, 821
5, 822
5, 823
11, 824
11, 825
11, 826
11, 827
13, 828
13, 829
13, 830
13, 831
5, 832
5, 833
5, 834
5, 835
11, 836
11, 837
11, 838
11, 839
13, 840
13, 841
13, 842
13, 843
5, 844
5, 845
5, 846
5, 847
11, 848
11, 849
11, 850
11, 851
13, 852
13, 853
13, 854
13, 855
5, 856
5, 857
5, 858
5, 859
11, 860
11, 861
11, 862
11, 863
13, 864
13, 865
13, 866
13, 867
5, 868
5, 869
5, 870
5, 871
11, 872
11, 873
11, 874
11, 875
13, 876
13, 877
13, 878
13, 879
5, 880
5, 881
5, 882
5, 883
11, 884
11, 885
11, 886
11, 887
13, 888
13, 889
13, 890
13, 891
5, 892
5, 893
5, 894
5, 895
11, 896
11, 897
11, 898
11, 899
13, 900
13, 901
13, 902
13, 903
5, 904
5, 905
5, 906
5, 907
11, 908
11, 909
11, 910
11, 911
13, 912
13, 913
13, 914
13, 915
5, 916
5, 917
5, 918
5, 919
11, 920
11, 921
11, 922
11, 923
13, 924
13, 925
13, 926
13, 927
5, 928
5, 929
5, 930
5, 931
11, 932
11, 933
11, 934
11, 935
13, 936
13, 937
13, 938
13, 939
5, 940
5, 941
5, 942
5, 943
11, 944
11, 945
11, 946
11, 947
13, 948
13, 949
13, 950
13, 951
5, 952
5, 953
5, 954
5, 955
11, 956
11, 957
11, 958
11, 959
13, 960
13, 961
13, 962
13, 963
11, 964
11, 965
11, 966
11, 967
16, 968
16, 969
16, 970
16, 971
13, 972
13, 973
13, 974
13, 975
11, 976
11, 977
11, 978
11, 979
16, 980
16, 981
16, 982
16, 983
13, 984
13, 985
13, 986
13, 987
11, 988
11, 989
11, 990
11, 991
13, 992
13, 993
13, 994
13, 995
11, 996
11, 997
11, 998
11, 999
13, 1000
13, 1001
13, 1002
13, 1003
11, 1004
11, 1005
11, 1006
11, 1007
13, 1008
13, 1009
13, 1010
13, 1011
11, 1012
11, 1013
11, 1014
11, 1015
13, 1016
13, 1017
13, 1018
13, 1019
11, 1020
11, 1021
11, 1022
11, 1023
13, 1024
13, 1025
13, 1026
13, 1027
11, 1028
11, 1029
11, 1030
11, 1031
13, 1032
13, 1033
13, 1034
13, 1035
11, 1036
11, 1037
11, 1038
11, 1039
13, 1040
13, 1041
13, 1042
13, 1043
11, 1044
11, 1045
11, 1046
11, 1047
13, 1048
13, 1049
13, 1050
13, 1051
11, 1052
11, 1053
11, 1054
11, 1055
11, 1056
11, 1057
11, 1058
11, 1059
11, 1060
11, 1061
11, 1062
11, 1063
11, 1064
11, 1065
11, 1066
11, 1067
11, 1068
11, 1069
11, 1070
11, 1071
11, 1072
11, 1073
11, 1074
11, 1075
17, 1076
17, 1077
17, 1078
17, 1079
11, 1080
11, 1081
11, 1082
11, 1083
17, 1084
17, 1085
17, 1086
17, 1087
11, 1088
11, 1089
11, 1090
11, 1091
11, 1092
11, 1093
11, 1094
11, 1095
18, 1096
18, 1097
18, 1098
18, 1099
11, 1100
11, 1101
11, 1102
11, 1103
18, 1104
18, 1105
18, 1106
18, 1107
11, 1108
11, 1109
11, 1110
11, 1111
19, 1112
19, 1113
19, 1114
19, 1115
18, 1116
18, 1117
18, 1118
18, 1119
11, 1120
11, 1121
11, 1122
11, 1123
19, 1124
19, 1125
19, 1126
19, 1127
18, 1128
18, 1129
18, 1130
18, 1131
11, 1132
11, 1133
11, 1134
11, 1135
19, 1136
19, 1137
19, 1138
19, 1139
20, 1140
20, 1141
20, 1142
20, 1143
18, 1144
18, 1145
18, 1146
18, 1147
11, 1148
11, 1149
11, 1150
11, 1151
19, 1152
19, 1153
19, 1154
19, 1155
20, 1156
20, 1157
20, 1158
20, 1159
18, 1160
18, 1161
18, 1162
18, 1163
11, 1164
11, 1165
11, 1166
11, 1167
18, 1168
18, 1169
18, 1170
18, 1171
19, 1172
19, 1173
19, 1174
19, 1175
20, 1176
20, 1177
20, 1178
20, 1179
21, 1180
21, 1181
21, 1182
21, 1183
11, 1184
11, 1185
11, 1186
11, 1187
18, 1188
18, 1189
18, 1190
18, 1191
19, 1192
19, 1193
19, 1194
19, 1195
20, 1196
20, 1197
20, 1198
20, 1199
21, 1200
21, 1201
21, 1202
21, 1203
11, 1204
11, 1205
11, 1206
11, 1207
19, 1208
19, 1209
19, 1210
19, 1211
20, 1212
20, 1213
20, 1214
20, 1215
21, 1216
21, 1217
21, 1218
21, 1219
18, 1220
18, 1221
18, 1222
18, 1223
11, 1224
11, 1225
11, 1226
11, 1227
19, 1228
19, 1229
19, 1230
19, 1231
20, 1232
20, 1233
20, 1234
20, 1235
21, 1236
21, 1237
21, 1238
21, 1239
18, 1240
18, 1241
18, 1242
18, 1243
11, 1244
11, 1245
11, 1246
11, 1247
20, 1248
20, 1249
20, 1250
20, 1251
18, 1252
18, 1253
18, 1254
18, 1255
11, 1256
11, 1257
11, 1258
11, 1259
20, 1260
20, 1261
20, 1262
20, 1263
18, 1264
18, 1265
18, 1266
18, 1267
11, 1268
11, 1269
11, 1270
11, 1271
20, 1272
20, 1273
20, 1274
20, 1275
18, 1276
18, 1277
18, 1278
18, 1279
11, 1280
11, 1281
11, 1282
11, 1283
20, 1284
20, 1285
20, 1286
20, 1287
18, 1288
18, 1289
18, 1290
18, 1291
11, 1292
11, 1293
11, 1294
11, 1295
11, 1296
11, 1297
11, 1298
11, 1299
18, 1300
18, 1301
18, 1302
18, 1303
11, 1304
11, 1305
11, 1306
11, 1307
18, 1308
18, 1309
18, 1310
18, 1311
11, 1312
11, 1313
11, 1314
11, 1315
18, 1316
18, 1317
18, 1318
18, 1319
0, 0
0, 1
0, 2
0, 3
1, 4
1, 5
1, 6
1, 7
2, 8
2, 9
2, 10
2, 11
3, 12
3, 13
3, 14
3, 15
4, 16
4, 17
4, 18
4, 19
5, 20
5, 21
5, 22
5, 23
6, 24
6, 25
6, 26
6, 27
7, 28
7, 29
7, 30
7, 31
8, 32
8, 33
8, 34
8, 35
9, 36
9, 37
9, 38
9, 39
10, 40
10, 41
10, 42
10, 43
11, 44
11, 45
11, 46
11, 47
12, 48
12, 49
12, 50
12, 51
13, 52
13, 53
13, 54
13, 55
14, 56
14, 57
14, 58
14, 59
15, 60
15, 61
15, 62
15, 63
16, 64
16, 65
16, 66
16, 67
17, 68
17, 69
17, 70
17, 71
18, 72
18, 73
18, 74
18, 75
19, 76
19, 77
19, 78
19, 79
0, 80
0, 81
0, 82
0, 83
20, 84
20, 85
20, 86
20, 87
17, 88
17, 89
17, 90
17, 91
21, 92
21, 93
21, 94
21, 95
22, 96
22, 97
22, 98
22, 99
23, 100
23, 101
23, 102
23, 103
24, 104
24, 105
24, 106
24, 107
25, 108
25, 109
25, 110
25, 111
26, 112
26, 113
26, 114
26, 115
27, 116
27, 117
27, 118
27, 119
28, 120
28, 121
28, 122
28, 123
29, 124
29, 125
29, 126
29, 127
1, 128
1, 129
1, 130
1, 131
2, 132
2, 133
2, 134
2, 135
5, 136
5, 137
5, 138
5, 139
4, 140
4, 141
4, 142
4, 143
30, 144
30, 145
30, 146
30, 147
31, 148
31, 149
31, 150
31, 151
6, 152
6, 153
6, 154
6, 155
7, 156
7, 157
7, 158
7, 159
32, 160
32, 161
32, 162
32, 163
8, 164
8, 165
8, 166
8, 167
33, 168
33, 169
33, 170
33, 171
9, 172
9, 173
9, 174
9, 175
10, 176
10, 177
10, 178
10, 179
11, 180
11, 181
11, 182
11, 183
12, 184
12, 185
12, 186
12, 187
15, 188
15, 189
15, 190
15, 191
34, 192
34, 193
34, 194
34, 195
14, 196
14, 197
14, 198
14, 199
35, 200
35, 201
35, 202
35, 203
36, 204
36, 205
36, 206
36, 207
16, 208
16, 209
16, 210
16, 211
37, 212
37, 213
37, 214
37, 215
38, 216
38, 217
38, 218
38, 219
18, 220
18, 221
18, 222
18, 223
19, 224
19, 225
19, 226
19, 227
0, 228
0, 229
0, 230
0, 231
21, 232
21, 233
21, 234
21, 235
22, 236
22, 237
22, 238
22, 239
23, 240
23, 241
23, 242
23, 243
24, 244
24, 245
24, 246
24, 247
29, 248
29, 249
29, 250
29, 251
25, 252
25, 253
25, 254
25, 255
26, 256
26, 257
26, 258
26, 259
27, 260
27, 261
27, 262
27, 263
28, 264
28, 265
28, 266
28, 267
39, 268
39, 269
39, 270
39, 271
1, 272
1, 273
1, 274
1, 275
2, 276
2, 277
2, 278
2, 279
5, 280
5, 281
5, 282
5, 283
4, 284
4, 285
4, 286
4, 287
30, 288
30, 289
30, 290
30, 291
31, 292
31, 293
31, 294
31, 295
6, 296
6, 297
6, 298
6, 299
7, 300
7, 301
7, 302
7, 303
32, 304
32, 305
32, 306
32, 307
40, 308
40, 309
40, 310
40, 311
33, 312
33, 313
33, 314
33, 315
9, 316
9, 317
9, 318
9, 319
10, 320
10, 321
10, 322
10, 323
11, 324
11, 325
11, 326
11, 327
12, 328
12, 329
12, 330
12, 331
15, 332
15, 333
15, 334
15, 335
34, 336
34, 337
34, 338
34, 339
14, 340
14, 341
14, 342
14, 343
35, 344
35, 345
35, 346
35, 347
36, 348
36, 349
36, 350
36, 351
16, 352
16, 353
16, 354
16, 355
37, 356
37, 357
37, 358
37, 359
38, 360
38, 361
38, 362
38, 363
18, 364
18, 365
18, 366
18, 367
19, 368
19, 369
19, 370
19, 371
0, 372
0, 373
0, 374
0, 375
21, 376
21, 377
21, 378
21, 379
22, 380
22, 381
22, 382
22, 383
24, 384
24, 385
24, 386
24, 387
29, 388
29, 389
29, 390
29, 391
23, 392
23, 393
23, 394
23, 395
25, 396
25, 397
25, 398
25, 399
26, 400
26, 401
26, 402
26, 403
27, 404
27, 405
27, 406
27, 407
28, 408
28, 409
28, 410
28, 411
39, 412
39, 413
39, 414
39, 415
1, 416
1, 417
1, 418
1, 419
2, 420
2, 421
2, 422
2, 423
5, 424
5, 425
5, 426
5, 427
4, 428
4, 429
4, 430
4, 431
31, 432
31, 433
31, 434
31, 435
6, 436
6, 437
6, 438
6, 439
7, 440
7, 441
7, 442
7, 443
32, 444
32, 445
32, 446
32, 447
40, 448
40, 449
40, 450
40, 451
33, 452
33, 453
33, 454
33, 455
9, 456
9, 457
9, 458
9, 459
10, 460
10, 461
10, 462
10, 463
11, 464
11, 465
11, 466
11, 467
12, 468
12, 469
12, 470
12, 471
15, 472
15, 473
15, 474
15, 475
34, 476
34, 477
34, 478
34, 479
14, 480
14, 481
14, 482
14, 483
35, 484
35, 485
35, 486
35, 487
36, 488
36, 489
36, 490
36, 491
16, 492
16, 493
16, 494
16, 495
37, 496
37, 497
37, 498
37, 499
38, 500
38, 501
38, 502
38, 503
18, 504
18, 505
18, 506
18, 507
0, 508
0, 509
0, 510
0, 511
21, 512
21, 513
21, 514
21, 515
22, 516
22, 517
22, 518
22, 519
24, 520
24, 521
24, 522
24, 523
29, 524
29, 525
29, 526
29, 527
23, 528
23, 529
23, 530
23, 531
25, 532
25, 533
25, 534
25, 535
26, 536
26, 537
26, 538
26, 539
27, 540
27, 541
27, 542
27, 543
28, 544
28, 545
28, 546
28, 547
39, 548
39, 549
39, 550
39, 551
1, 552
1, 553
1, 554
1, 555
2, 556
2, 557
2, 558
2, 559
5, 560
5, 561
5, 562
5, 563
4, 564
4, 565
4, 566
4, 567
31, 568
31, 569
31, 570
31, 571
6, 572
6, 573
6, 574
6, 575
7, 576
7, 577
7, 578
7, 579
32, 580
32, 581
32, 582
32, 583
40, 584
40, 585
40, 586
40, 587
33, 588
33, 589
33, 590
33, 591
9, 592
9, 593
9, 594
9, 595
10, 596
10, 597
10, 598
10, 599
11, 600
11, 601
11, 602
11, 603
12, 604
12, 605
12, 606
12, 607
15, 608
15, 609
15, 610
15, 611
34, 612
34, 613
34, 614
34, 615
14, 616
14, 617
14, 618
14, 619
35, 620
35, 621
35, 622
35, 623
36, 624
36, 625
36, 626
36, 627
16, 628
16, 629
16, 630
16, 631
37, 632
37, 633
37, 634
37, 635
38, 636
38, 637
38, 638
38, 639
18, 640
18, 641
18, 642
18, 643
22, 644
22, 645
22, 646
22, 647
23, 648
23, 649
23, 650
23, 651
0, 652
0, 653
0, 654
0, 655
38, 656
38, 657
38, 658
38, 659
21, 660
21, 661
21, 662
21, 663
41, 664
41, 665
41, 666
41, 667
24, 668
24, 669
24, 670
24, 671
29, 672
29, 673
29, 674
29, 675
42, 676
42, 677
42, 678
42, 679
25, 680
25, 681
25, 682
25, 683
26, 684
26, 685
26, 686
26, 687
27, 688
27, 689
27, 690
27, 691
28, 692
28, 693
28, 694
28, 695
39, 696
39, 697
39, 698
39, 699
1, 700
1, 701
1, 702
1, 703
2, 704
2, 705
2, 706
2, 707
5, 708
5, 709
5, 710
5, 711
4, 712
4, 713
4, 714
4, 715
31, 716
31, 717
31, 718
31, 719
6, 720
6, 721
6, 722
6, 723
7, 724
7, 725
7, 726
7, 727
32, 728
32, 729
32, 730
32, 731
40, 732
40, 733
40, 734
40, 735
33, 736
33, 737
33, 738
33, 739
9, 740
9, 741
9, 742
9, 743
10, 744
10, 745
10, 746
10, 747
11, 748
11, 749
11, 750
11, 751
12, 752
12, 753
12, 754
12, 755
15, 756
15, 757
15, 758
15, 759
34, 760
34, 761
34, 762
34, 763
14, 764
14, 765
14, 766
14, 767
35, 768
35, 769
35, 770
35, 771
36, 772
36, 773
36, 774
36, 775
16, 776
16, 777
16, 778
16, 779
43, 780
43, 781
43, 782
43, 783
37, 784
37, 785
37, 786
37, 787
18, 788
18, 789
18, 790
18, 791
22, 792
22, 793
22, 794
22, 795
23, 796
23, 797
23, 798
23, 799
0, 800
0, 801
0, 802
0, 803
21, 804
21, 805
21, 806
21, 807
41, 808
41, 809
41, 810
41, 811
24, 812
24, 813
24, 814
24, 815
29, 816
29, 817
29, 818
29, 819
42, 820
42, 821
42, 822
42, 823
25, 824
25, 825
25, 826
25, 827
26, 828
26, 829
26, 830
26, 831
27, 832
27, 833
27, 834
27, 835
28, 836
28, 837
28, 838
28, 839
39, 840
39, 841
39, 842
39, 843
1, 844
1, 845
1, 846
1, 847
2, 848
2, 849
2, 850
2, 851
5, 852
5, 853
5, 854
5, 855
4, 856
4, 857
4, 858
4, 859
31, 860
31, 861
31, 862
31, 863
6, 864
6, 865
6, 866
6, 867
7, 868
7, 869
7, 870
7, 871
32, 872
32, 873
32, 874
32, 875
40, 876
40, 877
40, 878
40, 879
33, 880
33, 881
33, 882
33, 883
9, 884
9, 885
9, 886
9, 887
10, 888
10, 889
10, 890
10, 891
12, 892
12, 893
12, 894
12, 895
15, 896
15, 897
15, 898
15, 899
34, 900
34, 901
34, 902
34, 903
14, 904
14, 905
14, 906
14, 907
35, 908
35, 909
35, 910
35, 911
36, 912
36, 913
36, 914
36, 915
16, 916
16, 917
16, 918
16, 919
43, 920
43, 921
43, 922
43, 923
37, 924
37, 925
37, 926
37, 927
38, 928
38, 929
38, 930
38, 931
18, 932
18, 933
18, 934
18, 935
22, 936
22, 937
22, 938
22, 939
23, 940
23, 941
23, 942
23, 943
0, 944
0, 945
0, 946
0, 947
21, 948
21, 949
21, 950
21, 951
41, 952
41, 953
41, 954
41, 955
24, 956
24, 957
24, 958
24, 959
29, 960
29, 961
29, 962
29, 963
42, 964
42, 965
42, 966
42, 967
25, 968
25, 969
25, 970
25, 971
26, 972
26, 973
26, 974
26, 975
27, 976
27, 977
27, 978
27, 979
28, 980
28, 981
28, 982
28, 983
39, 984
39, 985
39, 986
39, 987
1, 988
1, 989
1, 990
1, 991
2, 992
2, 993
2, 994
2, 995
5, 996
5, 997
5, 998
5, 999
4, 1000
4, 1001
4, 1002
4, 1003
31, 1004
31, 1005
31, 1006
31, 1007
6, 1008
6, 1009
6, 1010
6, 1011
7, 1012
7, 1013
7, 1014
7, 1015
32, 1016
32, 1017
32, 1018
32, 1019
40, 1020
40, 1021
40, 1022
40, 1023
44, 1024
44, 1025
44, 1026
44, 1027
9, 1028
9, 1029
9, 1030
9, 1031
10, 1032
10, 1033
10, 1034
10, 1035
12, 1036
12, 1037
12, 1038
12, 1039
15, 1040
15, 1041
15, 1042
15, 1043
45, 1044
45, 1045
45, 1046
45, 1047
14, 1048
14, 1049
14, 1050
14, 1051
35, 1052
35, 1053
35, 1054
35, 1055
36, 1056
36, 1057
36, 1058
36, 1059
16, 1060
16, 1061
16, 1062
16, 1063
43, 1064
43, 1065
43, 1066
43, 1067
37, 1068
37, 1069
37, 1070
37, 1071
38, 1072
38, 1073
38, 1074
38, 1075
18, 1076
18, 1077
18, 1078
18, 1079
22, 1080
22, 1081
22, 1082
22, 1083
23, 1084
23, 1085
23, 1086
23, 1087
0, 1088
0, 1089
0, 1090
0, 1091
21, 1092
21, 1093
21, 1094
21, 1095
24, 1096
24, 1097
24, 1098
24, 1099
29, 1100
29, 1101
29, 1102
29, 1103
42, 1104
42, 1105
42, 1106
42, 1107
25, 1108
25, 1109
25, 1110
25, 1111
26, 1112
26, 1113
26, 1114
26, 1115
27, 1116
27, 1117
27, 1118
27, 1119
28, 1120
28, 1121
28, 1122
28, 1123
39, 1124
39, 1125
39, 1126
39, 1127
1, 1128
1, 1129
1, 1130
1, 1131
2, 1132
2, 1133
2, 1134
2, 1135
5, 1136
5, 1137
5, 1138
5, 1139
4, 1140
4, 1141
4, 1142
4, 1143
31, 1144
31, 1145
31, 1146
31, 1147
6, 1148
6, 1149
6, 1150
6, 1151
7, 1152
7, 1153
7, 1154
7, 1155
32, 1156
32, 1157
32, 1158
32, 1159
40, 1160
40, 1161
40, 1162
40, 1163
44, 1164
44, 1165
44, 1166
44, 1167
9, 1168
9, 1169
9, 1170
9, 1171
10, 1172
10, 1173
10, 1174
10, 1175
12, 1176
12, 1177
12, 1178
12, 1179
15, 1180
15, 1181
15, 1182
15, 1183
34, 1184
34, 1185
34, 1186
34, 1187
14, 1188
14, 1189
14, 1190
14, 1191
35, 1192
35, 1193
35, 1194
35, 1195
36, 1196
36, 1197
36, 1198
36, 1199
16, 1200
16, 1201
16, 1202
16, 1203
43, 1204
43, 1205
43, 1206
43, 1207
37, 1208
37, 1209
37, 1210
37, 1211
38, 1212
38, 1213
38, 1214
38, 1215
18, 1216
18, 1217
18, 1218
18, 1219
22, 1220
22, 1221
22, 1222
22, 1223
23, 1224
23, 1225
23, 1226
23, 1227
0, 1228
0, 1229
0, 1230
0, 1231
21, 1232
21, 1233
21, 1234
21, 1235
46, 1236
46, 1237
46, 1238
46, 1239
24, 1240
24, 1241
24, 1242
24, 1243
39, 1244
39, 1245
39, 1246
39, 1247
42, 1248
42, 1249
42, 1250
42, 1251
25, 1252
25, 1253
25, 1254
25, 1255
26, 1256
26, 1257
26, 1258
26, 1259
27, 1260
27, 1261
27, 1262
27, 1263
28, 1264
28, 1265
28, 1266
28, 1267
1, 1268
1, 1269
1, 1270
1, 1271
2, 1272
2, 1273
2, 1274
2, 1275
5, 1276
5, 1277
5, 1278
5, 1279
4, 1280
4, 1281
4, 1282
4, 1283
31, 1284
31, 1285
31, 1286
31, 1287
6, 1288
6, 1289
6, 1290
6, 1291
7, 1292
7, 1293
7, 1294
7, 1295
32, 1296
32, 1297
32, 1298
32, 1299
40, 1300
40, 1301
40, 1302
40, 1303
44, 1304
44, 1305
44, 1306
44, 1307
9, 1308
9, 1309
9, 1310
9, 1311
10, 1312
10, 1313
10, 1314
10, 1315
12, 1316
12, 1317
12, 1318
12, 1319
15, 1320
15, 1321
15, 1322
15, 1323
47, 1324
47, 1325
47, 1326
47, 1327
14, 1328
14, 1329
14, 1330
14, 1331
35, 1332
35, 1333
35, 1334
35, 1335
36, 1336
36, 1337
36, 1338
36, 1339
16, 1340
16, 1341
16, 1342
16, 1343
43, 1344
43, 1345
43, 1346
43, 1347
37, 1348
37, 1349
37, 1350
37, 1351
38, 1352
38, 1353
38, 1354
38, 1355
18, 1356
18, 1357
18, 1358
18, 1359
22, 1360
22, 1361
22, 1362
22, 1363
23, 1364
23, 1365
23, 1366
23, 1367
21, 1368
21, 1369
21, 1370
21, 1371
46, 1372
46, 1373
46, 1374
46, 1375
24, 1376
24, 1377
24, 1378
24, 1379
39, 1380
39, 1381
39, 1382
39, 1383
42, 1384
42, 1385
42, 1386
42, 1387
25, 1388
25, 1389
25, 1390
25, 1391
26, 1392
26, 1393
26, 1394
26, 1395
27, 1396
27, 1397
27, 1398
27, 1399
28, 1400
28, 1401
28, 1402
28, 1403
1, 1404
1, 1405
1, 1406
1, 1407
2, 1408
2, 1409
2, 1410
2, 1411
5, 1412
5, 1413
5, 1414
5, 1415
4, 1416
4, 1417
4, 1418
4, 1419
31, 1420
31, 1421
31, 1422
31, 1423
6, 1424
6, 1425
6, 1426
6, 1427
7, 1428
7, 1429
7, 1430
7, 1431
32, 1432
32, 1433
32, 1434
32, 1435
40, 1436
40, 1437
40, 1438
40, 1439
44, 1440
44, 1441
44, 1442
44, 1443
9, 1444
9, 1445
9, 1446
9, 1447
10, 1448
10, 1449
10, 1450
10, 1451
12, 1452
12, 1453
12, 1454
12, 1455
15, 1456
15, 1457
15, 1458
15, 1459
47, 1460
47, 1461
47, 1462
47, 1463
14, 1464
14, 1465
14, 1466
14, 1467
35, 1468
35, 1469
35, 1470
35, 1471
36, 1472
36, 1473
36, 1474
36, 1475
16, 1476
16, 1477
16, 1478
16, 1479
43, 1480
43, 1481
43, 1482
43, 1483
37, 1484
37, 1485
37, 1486
37, 1487
38, 1488
38, 1489
38, 1490
38, 1491
18, 1492
18, 1493
18, 1494
18, 1495
22, 1496
22, 1497
22, 1498
22, 1499
23, 1500
23, 1501
23, 1502
23, 1503
21, 1504
21, 1505
21, 1506
21, 1507
46, 1508
46, 1509
46, 1510
46, 1511
24, 1512
24, 1513
24, 1514
24, 1515
39, 1516
39, 1517
39, 1518
39, 1519
42, 1520
42, 1521
42, 1522
42, 1523
25, 1524
25, 1525
25, 1526
25, 1527
26, 1528
26, 1529
26, 1530
26, 1531
27, 1532
27, 1533
27, 1534
27, 1535
28, 1536
28, 1537
28, 1538
28, 1539
1, 1540
1, 1541
1, 1542
1, 1543
2, 1544
2, 1545
2, 1546
2, 1547
5, 1548
5, 1549
5, 1550
5, 1551
4, 1552
4, 1553
4, 1554
4, 1555
31, 1556
31, 1557
31, 1558
31, 1559
6, 1560
6, 1561
6, 1562
6, 1563
7, 1564
7, 1565
7, 1566
7, 1567
32, 1568
32, 1569
32, 1570
32, 1571
40, 1572
40, 1573
40, 1574
40, 1575
44, 1576
44, 1577
44, 1578
44, 1579
9, 1580
9, 1581
9, 1582
9, 1583
10, 1584
10, 1585
10, 1586
10, 1587
12, 1588
12, 1589
12, 1590
12, 1591
15, 1592
15, 1593
15, 1594
15, 1595
47, 1596
47, 1597
47, 1598
47, 1599
14, 1600
14, 1601
14, 1602
14, 1603
35, 1604
35, 1605
35, 1606
35, 1607
36, 1608
36, 1609
36, 1610
36, 1611
16, 1612
16, 1613
16, 1614
16, 1615
43, 1616
43, 1617
43, 1618
43, 1619
37, 1620
37, 1621
37, 1622
37, 1623
38, 1624
38, 1625
38, 1626
38, 1627
18, 1628
18, 1629
18, 1630
18, 1631
22, 1632
22, 1633
22, 1634
22, 1635
23, 1636
23, 1637
23, 1638
23, 1639
21, 1640
21, 1641
21, 1642
21, 1643
46, 1644
46, 1645
46, 1646
46, 1647
24, 1648
24, 1649
24, 1650
24, 1651
39, 1652
39, 1653
39, 1654
39, 1655
42, 1656
42, 1657
42, 1658
42, 1659
25, 1660
25, 1661
25, 1662
25, 1663
26, 1664
26, 1665
26, 1666
26, 1667
27, 1668
27, 1669
27, 1670
27, 1671
28, 1672
28, 1673
28, 1674
28, 1675
1, 1676
1, 1677
1, 1678
1, 1679
2, 1680
2, 1681
2, 1682
2, 1683
4, 1684
4, 1685
4, 1686
4, 1687
31, 1688
31, 1689
31, 1690
31, 1691
6, 1692
6, 1693
6, 1694
6, 1695
7, 1696
7, 1697
7, 1698
7, 1699
32, 1700
32, 1701
32, 1702
32, 1703
40, 1704
40, 1705
40, 1706
40, 1707
44, 1708
44, 1709
44, 1710
44, 1711
9, 1712
9, 1713
9, 1714
9, 1715
10, 1716
10, 1717
10, 1718
10, 1719
12, 1720
12, 1721
12, 1722
12, 1723
15, 1724
15, 1725
15, 1726
15, 1727
47, 1728
47, 1729
47, 1730
47, 1731
14, 1732
14, 1733
14, 1734
14, 1735
35, 1736
35, 1737
35, 1738
35, 1739
36, 1740
36, 1741
36, 1742
36, 1743
16, 1744
16, 1745
16, 1746
16, 1747
43, 1748
43, 1749
43, 1750
43, 1751
37, 1752
37, 1753
37, 1754
37, 1755
38, 1756
38, 1757
38, 1758
38, 1759
18, 1760
18, 1761
18, 1762
18, 1763
22, 1764
22, 1765
22, 1766
22, 1767
23, 1768
23, 1769
23, 1770
23, 1771
21, 1772
21, 1773
21, 1774
21, 1775
46, 1776
46, 1777
46, 1778
46, 1779
24, 1780
24, 1781
24, 1782
24, 1783
39, 1784
39, 1785
39, 1786
39, 1787
42, 1788
42, 1789
42, 1790
42, 1791
25, 1792
25, 1793
25, 1794
25, 1795
26, 1796
26, 1797
26, 1798
26, 1799
27, 1800
27, 1801
27, 1802
27, 1803
28, 1804
28, 1805
28, 1806
28, 1807
1, 1808
1, 1809
1, 1810
1, 1811
2, 1812
2, 1813
2, 1814
2, 1815
4, 1816
4, 1817
4, 1818
4, 1819
31, 1820
31, 1821
31, 1822
31, 1823
6, 1824
6, 1825
6, 1826
6, 1827
7, 1828
7, 1829
7, 1830
7, 1831
32, 1832
32, 1833
32, 1834
32, 1835
40, 1836
40, 1837
40, 1838
40, 1839
44, 1840
44, 1841
44, 1842
44, 1843
9, 1844
9, 1845
9, 1846
9, 1847
10, 1848
10, 1849
10, 1850
10, 1851
12, 1852
12, 1853
12, 1854
12, 1855
15, 1856
15, 1857
15, 1858
15, 1859
47, 1860
47, 1861
47, 1862
47, 1863
14, 1864
14, 1865
14, 1866
14, 1867
35, 1868
35, 1869
35, 1870
35, 1871
36, 1872
36, 1873
36, 1874
36, 1875
16, 1876
16, 1877
16, 1878
16, 1879
43, 1880
43, 1881
43, 1882
43, 1883
37, 1884
37, 1885
37, 1886
37, 1887
38, 1888
38, 1889
38, 1890
38, 1891
18, 1892
18, 1893
18, 1894
18, 1895
22, 1896
22, 1897
22, 1898
22, 1899
23, 1900
23, 1901
23, 1902
23, 1903
6, 1904
6, 1905
6, 1906
6, 1907
21, 1908
21, 1909
21, 1910
21, 1911
46, 1912
46, 1913
46, 1914
46, 1915
24, 1916
24, 1917
24, 1918
24, 1919
39, 1920
39, 1921
39, 1922
39, 1923
42, 1924
42, 1925
42, 1926
42, 1927
25, 1928
25, 1929
25, 1930
25, 1931
26, 1932
26, 1933
26, 1934
26, 1935
27, 1936
27, 1937
27, 1938
27, 1939
28, 1940
28, 1941
28, 1942
28, 1943
1, 1944
1, 1945
1, 1946
1, 1947
2, 1948
2, 1949
2, 1950
2, 1951
4, 1952
4, 1953
4, 1954
4, 1955
31, 1956
31, 1957
31, 1958
31, 1959
40, 1960
40, 1961
40, 1962
40, 1963
32, 1964
32, 1965
32, 1966
32, 1967
44, 1968
44, 1969
44, 1970
44, 1971
9, 1972
9, 1973
9, 1974
9, 1975
7, 1976
7, 1977
7, 1978
7, 1979
10, 1980
10, 1981
10, 1982
10, 1983
12, 1984
12, 1985
12, 1986
12, 1987
15, 1988
15, 1989
15, 1990
15, 1991
47, 1992
47, 1993
47, 1994
47, 1995
14, 1996
14, 1997
14, 1998
14, 1999
35, 2000
35, 2001
35, 2002
35, 2003
36, 2004
36, 2005
36, 2006
36, 2007
16, 2008
16, 2009
16, 2010
16, 2011
43, 2012
43, 2013
43, 2014
43, 2015
37, 2016
37, 2017
37, 2018
37, 2019
38, 2020
38, 2021
38, 2022
38, 2023
18, 2024
18, 2025
18, 2026
18, 2027
22, 2028
22, 2029
22, 2030
22, 2031
23, 2032
23, 2033
23, 2034
23, 2035
6, 2036
6, 2037
6, 2038
6, 2039
21, 2040
21, 2041
21, 2042
21, 2043
46, 2044
46, 2045
46, 2046
46, 2047
24, 2048
24, 2049
24, 2050
24, 2051
39, 2052
39, 2053
39, 2054
39, 2055
42, 2056
42, 2057
42, 2058
42, 2059
25, 2060
25, 2061
25, 2062
25, 2063
26, 2064
26, 2065
26, 2066
26, 2067
27, 2068
27, 2069
27, 2070
27, 2071
28, 2072
28, 2073
28, 2074
28, 2075
1, 2076
1, 2077
1, 2078
1, 2079
2, 2080
2, 2081
2, 2082
2, 2083
4, 2084
4, 2085
4, 2086
4, 2087
31, 2088
31, 2089
31, 2090
31, 2091
40, 2092
40, 2093
40, 2094
40, 2095
32, 2096
32, 2097
32, 2098
32, 2099
44, 2100
44, 2101
44, 2102
44, 2103
9, 2104
9, 2105
9, 2106
9, 2107
7, 2108
7, 2109
7, 2110
7, 2111
10, 2112
10, 2113
10, 2114
10, 2115
12, 2116
12, 2117
12, 2118
12, 2119
15, 2120
15, 2121
15, 2122
15, 2123
47, 2124
47, 2125
47, 2126
47, 2127
14, 2128
14, 2129
14, 2130
14, 2131
35, 2132
35, 2133
35, 2134
35, 2135
36, 2136
36, 2137
36, 2138
36, 2139
16, 2140
16, 2141
16, 2142
16, 2143
43, 2144
43, 2145
43, 2146
43, 2147
37, 2148
37, 2149
37, 2150
37, 2151
38, 2152
38, 2153
38, 2154
38, 2155
18, 2156
18, 2157
18, 2158
18, 2159
22, 2160
22, 2161
22, 2162
22, 2163
23, 2164
23, 2165
23, 2166
23, 2167
6, 2168
6, 2169
6, 2170
6, 2171
38, 2172
38, 2173
38, 2174
38, 2175
21, 2176
21, 2177
21, 2178
21, 2179
42, 2180
42, 2181
42, 2182
42, 2183
24, 2184
24, 2185
24, 2186
24, 2187
39, 2188
39, 2189
39, 2190
39, 2191
41, 2192
41, 2193
41, 2194
41, 2195
25, 2196
25, 2197
25, 2198
25, 2199
26, 2200
26, 2201
26, 2202
26, 2203
27, 2204
27, 2205
27, 2206
27, 2207
28, 2208
28, 2209
28, 2210
28, 2211
1, 2212
1, 2213
1, 2214
1, 2215
2, 2216
2, 2217
2, 2218
2, 2219
4, 2220
4, 2221
4, 2222
4, 2223
31, 2224
31, 2225
31, 2226
31, 2227
40, 2228
40, 2229
40, 2230
40, 2231
32, 2232
32, 2233
32, 2234
32, 2235
9, 2236
9, 2237
9, 2238
9, 2239
7, 2240
7, 2241
7, 2242
7, 2243
10, 2244
10, 2245
10, 2246
10, 2247
12, 2248
12, 2249
12, 2250
12, 2251
15, 2252
15, 2253
15, 2254
15, 2255
47, 2256
47, 2257
47, 2258
47, 2259
14, 2260
14, 2261
14, 2262
14, 2263
35, 2264
35, 2265
35, 2266
35, 2267
36, 2268
36, 2269
36, 2270
36, 2271
16, 2272
16, 2273
16, 2274
16, 2275
37, 2276
37, 2277
37, 2278
37, 2279
18, 2280
18, 2281
18, 2282
18, 2283
22, 2284
22, 2285
22, 2286
22, 2287
23, 2288
23, 2289
23, 2290
23, 2291
6, 2292
6, 2293
6, 2294
6, 2295
38, 2296
38, 2297
38, 2298
38, 2299
21, 2300
21, 2301
21, 2302
21, 2303
42, 2304
42, 2305
42, 2306
42, 2307
24, 2308
24, 2309
24, 2310
24, 2311
48, 2312
48, 2313
48, 2314
48, 2315
39, 2316
39, 2317
39, 2318
39, 2319
25, 2320
25, 2321
25, 2322
25, 2323
26, 2324
26, 2325
26, 2326
26, 2327
27, 2328
27, 2329
27, 2330
27, 2331
28, 2332
28, 2333
28, 2334
28, 2335
1, 2336
1, 2337
1, 2338
1, 2339
2, 2340
2, 2341
2, 2342
2, 2343
4, 2344
4, 2345
4, 2346
4, 2347
49, 2348
49, 2349
49, 2350
49, 2351
31, 2352
31, 2353
31, 2354
31, 2355
40, 2356
40, 2357
40, 2358
40, 2359
32, 2360
32, 2361
32, 2362
32, 2363
9, 2364
9, 2365
9, 2366
9, 2367
7, 2368
7, 2369
7, 2370
7, 2371
10, 2372
10, 2373
10, 2374
10, 2375
12, 2376
12, 2377
12, 2378
12, 2379
15, 2380
15, 2381
15, 2382
15, 2383
47, 2384
47, 2385
47, 2386
47, 2387
14, 2388
14, 2389
14, 2390
14, 2391
35, 2392
35, 2393
35, 2394
35, 2395
36, 2396
36, 2397
36, 2398
36, 2399
16, 2400
16, 2401
16, 2402
16, 2403
37, 2404
37, 2405
37, 2406
37, 2407
18, 2408
18, 2409
18, 2410
18, 2411
22, 2412
22, 2413
22, 2414
22, 2415
6, 2416
6, 2417
6, 2418
6, 2419
38, 2420
38, 2421
38, 2422
38, 2423
21, 2424
21, 2425
21, 2426
21, 2427
42, 2428
42, 2429
42, 2430
42, 2431
24, 2432
24, 2433
24, 2434
24, 2435
48, 2436
48, 2437
48, 2438
48, 2439
39, 2440
39, 2441
39, 2442
39, 2443
25, 2444
25, 2445
25, 2446
25, 2447
26, 2448
26, 2449
26, 2450
26, 2451
27, 2452
27, 2453
27, 2454
27, 2455
28, 2456
28, 2457
28, 2458
28, 2459
1, 2460
1, 2461
1, 2462
1, 2463
2, 2464
2, 2465
2, 2466
2, 2467
4, 2468
4, 2469
4, 2470
4, 2471
49, 2472
49, 2473
49, 2474
49, 2475
31, 2476
31, 2477
31, 2478
31, 2479
40, 2480
40, 2481
40, 2482
40, 2483
44, 2484
44, 2485
44, 2486
44, 2487
32, 2488
32, 2489
32, 2490
32, 2491
9, 2492
9, 2493
9, 2494
9, 2495
7, 2496
7, 2497
7, 2498
7, 2499
10, 2500
10, 2501
10, 2502
10, 2503
12, 2504
12, 2505
12, 2506
12, 2507
15, 2508
15, 2509
15, 2510
15, 2511
47, 2512
47, 2513
47, 2514
47, 2515
14, 2516
14, 2517
14, 2518
14, 2519
35, 2520
35, 2521
35, 2522
35, 2523
36, 2524
36, 2525
36, 2526
36, 2527
16, 2528
16, 2529
16, 2530
16, 2531
37, 2532
37, 2533
37, 2534
37, 2535
18, 2536
18, 2537
18, 2538
18, 2539
22, 2540
22, 2541
22, 2542
22, 2543
6, 2544
6, 2545
6, 2546
6, 2547
38, 2548
38, 2549
38, 2550
38, 2551
21, 2552
21, 2553
21, 2554
21, 2555
42, 2556
42, 2557
42, 2558
42, 2559
24, 2560
24, 2561
24, 2562
24, 2563
48, 2564
48, 2565
48, 2566
48, 2567
39, 2568
39, 2569
39, 2570
39, 2571
25, 2572
25, 2573
25, 2574
25, 2575
26, 2576
26, 2577
26, 2578
26, 2579
27, 2580
27, 2581
27, 2582
27, 2583
28, 2584
28, 2585
28, 2586
28, 2587
1, 2588
1, 2589
1, 2590
1, 2591
2, 2592
2, 2593
2, 2594
2, 2595
4, 2596
4, 2597
4, 2598
4, 2599
49, 2600
49, 2601
49, 2602
49, 2603
31, 2604
31, 2605
31, 2606
31, 2607
40, 2608
40, 2609
40, 2610
40, 2611
44, 2612
44, 2613
44, 2614
44, 2615
32, 2616
32, 2617
32, 2618
32, 2619
9, 2620
9, 2621
9, 2622
9, 2623
7, 2624
7, 2625
7, 2626
7, 2627
10, 2628
10, 2629
10, 2630
10, 2631
12, 2632
12, 2633
12, 2634
12, 2635
15, 2636
15, 2637
15, 2638
15, 2639
47, 2640
47, 2641
47, 2642
47, 2643
14, 2644
14, 2645
14, 2646
14, 2647
35, 2648
35, 2649
35, 2650
35, 2651
36, 2652
36, 2653
36, 2654
36, 2655
16, 2656
16, 2657
16, 2658
16, 2659
37, 2660
37, 2661
37, 2662
37, 2663
18, 2664
18, 2665
18, 2666
18, 2667
22, 2668
22, 2669
22, 2670
22, 2671
6, 2672
6, 2673
6, 2674
6, 2675
38, 2676
38, 2677
38, 2678
38, 2679
21, 2680
21, 2681
21, 2682
21, 2683
46, 2684
46, 2685
46, 2686
46, 2687
24, 2688
24, 2689
24, 2690
24, 2691
48, 2692
48, 2693
48, 2694
48, 2695
39, 2696
39, 2697
39, 2698
39, 2699
25, 2700
25, 2701
25, 2702
25, 2703
26, 2704
26, 2705
26, 2706
26, 2707
27, 2708
27, 2709
27, 2710
27, 2711
28, 2712
28, 2713
28, 2714
28, 2715
49, 2716
49, 2717
49, 2718
49, 2719
1, 2720
1, 2721
1, 2722
1, 2723
2, 2724
2, 2725
2, 2726
2, 2727
4, 2728
4, 2729
4, 2730
4, 2731
50, 2732
50, 2733
50, 2734
50, 2735
31, 2736
31, 2737
31, 2738
31, 2739
40, 2740
40, 2741
40, 2742
40, 2743
32, 2744
32, 2745
32, 2746
32, 2747
44, 2748
44, 2749
44, 2750
44, 2751
9, 2752
9, 2753
9, 2754
9, 2755
7, 2756
7, 2757
7, 2758
7, 2759
10, 2760
10, 2761
10, 2762
10, 2763
12, 2764
12, 2765
12, 2766
12, 2767
15, 2768
15, 2769
15, 2770
15, 2771
47, 2772
47, 2773
47, 2774
47, 2775
14, 2776
14, 2777
14, 2778
14, 2779
35, 2780
35, 2781
35, 2782
35, 2783
36, 2784
36, 2785
36, 2786
36, 2787
16, 2788
16, 2789
16, 2790
16, 2791
37, 2792
37, 2793
37, 2794
37, 2795
18, 2796
18, 2797
18, 2798
18, 2799
22, 2800
22, 2801
22, 2802
22, 2803
6, 2804
6, 2805
6, 2806
6, 2807
38, 2808
38, 2809
38, 2810
38, 2811
21, 2812
21, 2813
21, 2814
21, 2815
46, 2816
46, 2817
46, 2818
46, 2819
24, 2820
24, 2821
24, 2822
24, 2823
48, 2824
48, 2825
48, 2826
48, 2827
39, 2828
39, 2829
39, 2830
39, 2831
25, 2832
25, 2833
25, 2834
25, 2835
26, 2836
26, 2837
26, 2838
26, 2839
27, 2840
27, 2841
27, 2842
27, 2843
28, 2844
28, 2845
28, 2846
28, 2847
49, 2848
49, 2849
49, 2850
49, 2851
1, 2852
1, 2853
1, 2854
1, 2855
2, 2856
2, 2857
2, 2858
2, 2859
4, 2860
4, 2861
4, 2862
4, 2863
50, 2864
50, 2865
50, 2866
50, 2867
31, 2868
31, 2869
31, 2870
31, 2871
40, 2872
40, 2873
40, 2874
40, 2875
32, 2876
32, 2877
32, 2878
32, 2879
44, 2880
44, 2881
44, 2882
44, 2883
9, 2884
9, 2885
9, 2886
9, 2887
7, 2888
7, 2889
7, 2890
7, 2891
10, 2892
10, 2893
10, 2894
10, 2895
12, 2896
12, 2897
12, 2898
12, 2899
15, 2900
15, 2901
15, 2902
15, 2903
47, 2904
47, 2905
47, 2906
47, 2907
14, 2908
14, 2909
14, 2910
14, 2911
16, 2912
16, 2913
16, 2914
16, 2915
35, 2916
35, 2917
35, 2918
35, 2919
36, 2920
36, 2921
36, 2922
36, 2923
43, 2924
43, 2925
43, 2926
43, 2927
37, 2928
37, 2929
37, 2930
37, 2931
18, 2932
18, 2933
18, 2934
18, 2935
22, 2936
22, 2937
22, 2938
22, 2939
6, 2940
6, 2941
6, 2942
6, 2943
21, 2944
21, 2945
21, 2946
21, 2947
46, 2948
46, 2949
46, 2950
46, 2951
24, 2952
24, 2953
24, 2954
24, 2955
48, 2956
48, 2957
48, 2958
48, 2959
39, 2960
39, 2961
39, 2962
39, 2963
25, 2964
25, 2965
25, 2966
25, 2967
26, 2968
26, 2969
26, 2970
26, 2971
27, 2972
27, 2973
27, 2974
27, 2975
28, 2976
28, 2977
28, 2978
28, 2979
49, 2980
49, 2981
49, 2982
49, 2983
1, 2984
1, 2985
1, 2986
1, 2987
2, 2988
2, 2989
2, 2990
2, 2991
4, 2992
4, 2993
4, 2994
4, 2995
50, 2996
50, 2997
50, 2998
50, 2999
31, 3000
31, 3001
31, 3002
31, 3003
40, 3004
40, 3005
40, 3006
40, 3007
32, 3008
32, 3009
32, 3010
32, 3011
44, 3012
44, 3013
44, 3014
44, 3015
9, 3016
9, 3017
9, 3018
9, 3019
7, 3020
7, 3021
7, 3022
7, 3023
10, 3024
10, 3025
10, 3026
10, 3027
12, 3028
12, 3029
12, 3030
12, 3031
15, 3032
15, 3033
15, 3034
15, 3035
47, 3036
47, 3037
47, 3038
47, 3039
14, 3040
14, 3041
14, 3042
14, 3043
16, 3044
16, 3045
16, 3046
16, 3047
35, 3048
35, 3049
35, 3050
35, 3051
36, 3052
36, 3053
36, 3054
36, 3055
43, 3056
43, 3057
43, 3058
43, 3059
37, 3060
37, 3061
37, 3062
37, 3063
38, 3064
38, 3065
38, 3066
38, 3067
18, 3068
18, 3069
18, 3070
18, 3071
22, 3072
22, 3073
22, 3074
22, 3075
6, 3076
6, 3077
6, 3078
6, 3079
21, 3080
21, 3081
21, 3082
21, 3083
23, 3084
23, 3085
23, 3086
23, 3087
41, 3088
41, 3089
41, 3090
41, 3091
24, 3092
24, 3093
24, 3094
24, 3095
48, 3096
48, 3097
48, 3098
48, 3099
39, 3100
39, 3101
39, 3102
39, 3103
25, 3104
25, 3105
25, 3106
25, 3107
26, 3108
26, 3109
26, 3110
26, 3111
27, 3112
27, 3113
27, 3114
27, 3115
28, 3116
28, 3117
28, 3118
28, 3119
49, 3120
49, 3121
49, 3122
49, 3123
1, 3124
1, 3125
1, 3126
1, 3127
2, 3128
2, 3129
2, 3130
2, 3131
31, 3132
31, 3133
31, 3134
31, 3135
4, 3136
4, 3137
4, 3138
4, 3139
50, 3140
50, 3141
50, 3142
50, 3143
5, 3144
5, 3145
5, 3146
5, 3147
40, 3148
40, 3149
40, 3150
40, 3151
32, 3152
32, 3153
32, 3154
32, 3155
9, 3156
9, 3157
9, 3158
9, 3159
7, 3160
7, 3161
7, 3162
7, 3163
10, 3164
10, 3165
10, 3166
10, 3167
12, 3168
12, 3169
12, 3170
12, 3171
15, 3172
15, 3173
15, 3174
15, 3175
47, 3176
47, 3177
47, 3178
47, 3179
14, 3180
14, 3181
14, 3182
14, 3183
16, 3184
16, 3185
16, 3186
16, 3187
35, 3188
35, 3189
35, 3190
35, 3191
36, 3192
36, 3193
36, 3194
36, 3195
43, 3196
43, 3197
43, 3198
43, 3199
37, 3200
37, 3201
37, 3202
37, 3203
38, 3204
38, 3205
38, 3206
38, 3207
18, 3208
18, 3209
18, 3210
18, 3211
22, 3212
22, 3213
22, 3214
22, 3215
21, 3216
21, 3217
21, 3218
21, 3219
23, 3220
23, 3221
23, 3222
23, 3223
41, 3224
41, 3225
41, 3226
41, 3227
24, 3228
24, 3229
24, 3230
24, 3231
48, 3232
48, 3233
48, 3234
48, 3235
39, 3236
39, 3237
39, 3238
39, 3239
25, 3240
25, 3241
25, 3242
25, 3243
26, 3244
26, 3245
26, 3246
26, 3247
27, 3248
27, 3249
27, 3250
27, 3251
28, 3252
28, 3253
28, 3254
28, 3255
49, 3256
49, 3257
49, 3258
49, 3259
1, 3260
1, 3261
1, 3262
1, 3263
2, 3264
2, 3265
2, 3266
2, 3267
4, 3268
4, 3269
4, 3270
4, 3271
50, 3272
50, 3273
50, 3274
50, 3275
5, 3276
5, 3277
5, 3278
5, 3279
40, 3280
40, 3281
40, 3282
40, 3283
6, 3284
6, 3285
6, 3286
6, 3287
32, 3288
32, 3289
32, 3290
32, 3291
9, 3292
9, 3293
9, 3294
9, 3295
7, 3296
7, 3297
7, 3298
7, 3299
10, 3300
10, 3301
10, 3302
10, 3303
12, 3304
12, 3305
12, 3306
12, 3307
15, 3308
15, 3309
15, 3310
15, 3311
47, 3312
47, 3313
47, 3314
47, 3315
14, 3316
14, 3317
14, 3318
14, 3319
35, 3320
35, 3321
35, 3322
35, 3323
36, 3324
36, 3325
36, 3326
36, 3327
16, 3328
16, 3329
16, 3330
16, 3331
43, 3332
43, 3333
43, 3334
43, 3335
37, 3336
37, 3337
37, 3338
37, 3339
38, 3340
38, 3341
38, 3342
38, 3343
18, 3344
18, 3345
18, 3346
18, 3347
22, 3348
22, 3349
22, 3350
22, 3351
21, 3352
21, 3353
21, 3354
21, 3355
23, 3356
23, 3357
23, 3358
23, 3359
41, 3360
41, 3361
41, 3362
41, 3363
24, 3364
24, 3365
24, 3366
24, 3367
48, 3368
48, 3369
48, 3370
48, 3371
39, 3372
39, 3373
39, 3374
39, 3375
25, 3376
25, 3377
25, 3378
25, 3379
26, 3380
26, 3381
26, 3382
26, 3383
27, 3384
27, 3385
27, 3386
27, 3387
28, 3388
28, 3389
28, 3390
28, 3391
49, 3392
49, 3393
49, 3394
49, 3395
1, 3396
1, 3397
1, 3398
1, 3399
2, 3400
2, 3401
2, 3402
2, 3403
4, 3404
4, 3405
4, 3406
4, 3407
50, 3408
50, 3409
50, 3410
50, 3411
5, 3412
5, 3413
5, 3414
5, 3415
40, 3416
40, 3417
40, 3418
40, 3419
6, 3420
6, 3421
6, 3422
6, 3423
32, 3424
32, 3425
32, 3426
32, 3427
9, 3428
9, 3429
9, 3430
9, 3431
7, 3432
7, 3433
7, 3434
7, 3435
10, 3436
10, 3437
10, 3438
10, 3439
12, 3440
12, 3441
12, 3442
12, 3443
15, 3444
15, 3445
15, 3446
15, 3447
47, 3448
47, 3449
47, 3450
47, 3451
14, 3452
14, 3453
14, 3454
14, 3455
35, 3456
35, 3457
35, 3458
35, 3459
36, 3460
36, 3461
36, 3462
36, 3463
16, 3464
16, 3465
16, 3466
16, 3467
43, 3468
43, 3469
43, 3470
43, 3471
37, 3472
37, 3473
37, 3474
37, 3475
38, 3476
38, 3477
38, 3478
38, 3479
18, 3480
18, 3481
18, 3482
18, 3483
22, 3484
22, 3485
22, 3486
22, 3487
25, 3488
25, 3489
25, 3490
25, 3491
51, 3492
51, 3493
51, 3494
51, 3495
6, 3496
6, 3497
6, 3498
6, 3499
21, 3500
21, 3501
21, 3502
21, 3503
23, 3504
23, 3505
23, 3506
23, 3507
41, 3508
41, 3509
41, 3510
41, 3511
24, 3512
24, 3513
24, 3514
24, 3515
48, 3516
48, 3517
48, 3518
48, 3519
39, 3520
39, 3521
39, 3522
39, 3523
0, 3524
0, 3525
0, 3526
0, 3527
26, 3528
26, 3529
26, 3530
26, 3531
27, 3532
27, 3533
27, 3534
27, 3535
28, 3536
28, 3537
28, 3538
28, 3539
49, 3540
49, 3541
49, 3542
49, 3543
1, 3544
1, 3545
1, 3546
1, 3547
2, 3548
2, 3549
2, 3550
2, 3551
4, 3552
4, 3553
4, 3554
4, 3555
50, 3556
50, 3557
50, 3558
50, 3559
5, 3560
5, 3561
5, 3562
5, 3563
40, 3564
40, 3565
40, 3566
40, 3567
32, 3568
32, 3569
32, 3570
32, 3571
9, 3572
9, 3573
9, 3574
9, 3575
7, 3576
7, 3577
7, 3578
7, 3579
10, 3580
10, 3581
10, 3582
10, 3583
12, 3584
12, 3585
12, 3586
12, 3587
15, 3588
15, 3589
15, 3590
15, 3591
47, 3592
47, 3593
47, 3594
47, 3595
14, 3596
14, 3597
14, 3598
14, 3599
35, 3600
35, 3601
35, 3602
35, 3603
36, 3604
36, 3605
36, 3606
36, 3607
16, 3608
16, 3609
16, 3610
16, 3611
37, 3612
37, 3613
37, 3614
37, 3615
38, 3616
38, 3617
38, 3618
38, 3619
18, 3620
18, 3621
18, 3622
18, 3623
22, 3624
22, 3625
22, 3626
22, 3627
25, 3628
25, 3629
25, 3630
25, 3631
51, 3632
51, 3633
51, 3634
51, 3635
6, 3636
6, 3637
6, 3638
6, 3639
21, 3640
21, 3641
21, 3642
21, 3643
46, 3644
46, 3645
46, 3646
46, 3647
41, 3648
41, 3649
41, 3650
41, 3651
24, 3652
24, 3653
24, 3654
24, 3655
48, 3656
48, 3657
48, 3658
48, 3659
39, 3660
39, 3661
39, 3662
39, 3663
0, 3664
0, 3665
0, 3666
0, 3667
26, 3668
26, 3669
26, 3670
26, 3671
27, 3672
27, 3673
27, 3674
27, 3675
28, 3676
28, 3677
28, 3678
28, 3679
1, 3680
1, 3681
1, 3682
1, 3683
2, 3684
2, 3685
2, 3686
2, 3687
4, 3688
4, 3689
4, 3690
4, 3691
50, 3692
50, 3693
50, 3694
50, 3695
5, 3696
5, 3697
5, 3698
5, 3699
40, 3700
40, 3701
40, 3702
40, 3703
32, 3704
32, 3705
32, 3706
32, 3707
9, 3708
9, 3709
9, 3710
9, 3711
7, 3712
7, 3713
7, 3714
7, 3715
10, 3716
10, 3717
10, 3718
10, 3719
12, 3720
12, 3721
12, 3722
12, 3723
15, 3724
15, 3725
15, 3726
15, 3727
47, 3728
47, 3729
47, 3730
47, 3731
14, 3732
14, 3733
14, 3734
14, 3735
35, 3736
35, 3737
35, 3738
35, 3739
36, 3740
36, 3741
36, 3742
36, 3743
16, 3744
16, 3745
16, 3746
16, 3747
37, 3748
37, 3749
37, 3750
37, 3751
38, 3752
38, 3753
38, 3754
38, 3755
18, 3756
18, 3757
18, 3758
18, 3759
22, 3760
22, 3761
22, 3762
22, 3763
25, 3764
25, 3765
25, 3766
25, 3767
51, 3768
51, 3769
51, 3770
51, 3771
6, 3772
6, 3773
6, 3774
6, 3775
21, 3776
21, 3777
21, 3778
21, 3779
46, 3780
46, 3781
46, 3782
46, 3783
24, 3784
24, 3785
24, 3786
24, 3787
48, 3788
48, 3789
48, 3790
48, 3791
39, 3792
39, 3793
39, 3794
39, 3795
0, 3796
0, 3797
0, 3798
0, 3799
26, 3800
26, 3801
26, 3802
26, 3803
27, 3804
27, 3805
27, 3806
27, 3807
28, 3808
28, 3809
28, 3810
28, 3811
1, 3812
1, 3813
1, 3814
1, 3815
2, 3816
2, 3817
2, 3818
2, 3819
5, 3820
5, 3821
5, 3822
5, 3823
4, 3824
4, 3825
4, 3826
4, 3827
50, 3828
50, 3829
50, 3830
50, 3831
31, 3832
31, 3833
31, 3834
31, 3835
40, 3836
40, 3837
40, 3838
40, 3839
32, 3840
32, 3841
32, 3842
32, 3843
9, 3844
9, 3845
9, 3846
9, 3847
7, 3848
7, 3849
7, 3850
7, 3851
10, 3852
10, 3853
10, 3854
10, 3855
12, 3856
12, 3857
12, 3858
12, 3859
15, 3860
15, 3861
15, 3862
15, 3863
47, 3864
47, 3865
47, 3866
47, 3867
14, 3868
14, 3869
14, 3870
14, 3871
35, 3872
35, 3873
35, 3874
35, 3875
36, 3876
36, 3877
36, 3878
36, 3879
16, 3880
16, 3881
16, 3882
16, 3883
43, 3884
43, 3885
43, 3886
43, 3887
37, 3888
37, 3889
37, 3890
37, 3891
38, 3892
38, 3893
38, 3894
38, 3895
18, 3896
18, 3897
18, 3898
18, 3899
22, 3900
22, 3901
22, 3902
22, 3903
25, 3904
25, 3905
25, 3906
25, 3907
21, 3908
21, 3909
21, 3910
21, 3911
46, 3912
46, 3913
46, 3914
46, 3915
24, 3916
24, 3917
24, 3918
24, 3919
48, 3920
48, 3921
48, 3922
48, 3923
39, 3924
39, 3925
39, 3926
39, 3927
0, 3928
0, 3929
0, 3930
0, 3931
26, 3932
26, 3933
26, 3934
26, 3935
27, 3936
27, 3937
27, 3938
27, 3939
28, 3940
28, 3941
28, 3942
28, 3943
1, 3944
1, 3945
1, 3946
1, 3947
2, 3948
2, 3949
2, 3950
2, 3951
5, 3952
5, 3953
5, 3954
5, 3955
4, 3956
4, 3957
4, 3958
4, 3959
50, 3960
50, 3961
50, 3962
50, 3963
31, 3964
31, 3965
31, 3966
31, 3967
40, 3968
40, 3969
40, 3970
40, 3971
6, 3972
6, 3973
6, 3974
6, 3975
32, 3976
32, 3977
32, 3978
32, 3979
9, 3980
9, 3981
9, 3982
9, 3983
7, 3984
7, 3985
7, 3986
7, 3987
10, 3988
10, 3989
10, 3990
10, 3991
12, 3992
12, 3993
12, 3994
12, 3995
15, 3996
15, 3997
15, 3998
15, 3999
47, 4000
47, 4001
47, 4002
47, 4003
14, 4004
14, 4005
14, 4006
14, 4007
35, 4008
35, 4009
35, 4010
35, 4011
36, 4012
36, 4013
36, 4014
36, 4015
16, 4016
16, 4017
16, 4018
16, 4019
43, 4020
43, 4021
43, 4022
43, 4023
37, 4024
37, 4025
37, 4026
37, 4027
38, 4028
38, 4029
38, 4030
38, 4031
18, 4032
18, 4033
18, 4034
18, 4035
22, 4036
22, 4037
22, 4038
22, 4039
52, 4040
52, 4041
52, 4042
52, 4043
25, 4044
25, 4045
25, 4046
25, 4047
21, 4048
21, 4049
21, 4050
21, 4051
46, 4052
46, 4053
46, 4054
46, 4055
24, 4056
24, 4057
24, 4058
24, 4059
48, 4060
48, 4061
48, 4062
48, 4063
39, 4064
39, 4065
39, 4066
39, 4067
0, 4068
0, 4069
0, 4070
0, 4071
26, 4072
26, 4073
26, 4074
26, 4075
27, 4076
27, 4077
27, 4078
27, 4079
28, 4080
28, 4081
28, 4082
28, 4083
1, 4084
1, 4085
1, 4086
1, 4087
2, 4088
2, 4089
2, 4090
2, 4091
5, 4092
5, 4093
5, 4094
5, 4095
4, 4096
4, 4097
4, 4098
4, 4099
50, 4100
50, 4101
50, 4102
50, 4103
31, 4104
31, 4105
31, 4106
31, 4107
40, 4108
40, 4109
40, 4110
40, 4111
6, 4112
6, 4113
6, 4114
6, 4115
32, 4116
32, 4117
32, 4118
32, 4119
9, 4120
9, 4121
9, 4122
9, 4123
7, 4124
7, 4125
7, 4126
7, 4127
10, 4128
10, 4129
10, 4130
10, 4131
12, 4132
12, 4133
12, 4134
12, 4135
15, 4136
15, 4137
15, 4138
15, 4139
47, 4140
47, 4141
47, 4142
47, 4143
14, 4144
14, 4145
14, 4146
14, 4147
35, 4148
35, 4149
35, 4150
35, 4151
36, 4152
36, 4153
36, 4154
36, 4155
16, 4156
16, 4157
16, 4158
16, 4159
37, 4160
37, 4161
37, 4162
37, 4163
53, 4164
53, 4165
53, 4166
53, 4167
38, 4168
38, 4169
38, 4170
38, 4171
18, 4172
18, 4173
18, 4174
18, 4175
22, 4176
22, 4177
22, 4178
22, 4179
52, 4180
52, 4181
52, 4182
52, 4183
21, 4184
21, 4185
21, 4186
21, 4187
46, 4188
46, 4189
46, 4190
46, 4191
24, 4192
24, 4193
24, 4194
24, 4195
48, 4196
48, 4197
48, 4198
48, 4199
39, 4200
39, 4201
39, 4202
39, 4203
0, 4204
0, 4205
0, 4206
0, 4207
26, 4208
26, 4209
26, 4210
26, 4211
27, 4212
27, 4213
27, 4214
27, 4215
28, 4216
28, 4217
28, 4218
28, 4219
1, 4220
1, 4221
1, 4222
1, 4223
2, 4224
2, 4225
2, 4226
2, 4227
5, 4228
5, 4229
5, 4230
5, 4231
4, 4232
4, 4233
4, 4234
4, 4235
50, 4236
50, 4237
50, 4238
50, 4239
31, 4240
31, 4241
31, 4242
31, 4243
40, 4244
40, 4245
40, 4246
40, 4247
6, 4248
6, 4249
6, 4250
6, 4251
32, 4252
32, 4253
32, 4254
32, 4255
9, 4256
9, 4257
9, 4258
9, 4259
7, 4260
7, 4261
7, 4262
7, 4263
10, 4264
10, 4265
10, 4266
10, 4267
12, 4268
12, 4269
12, 4270
12, 4271
15, 4272
15, 4273
15, 4274
15, 4275
47, 4276
47, 4277
47, 4278
47, 4279
14, 4280
14, 4281
14, 4282
14, 4283
35, 4284
35, 4285
35, 4286
35, 4287
36, 4288
36, 4289
36, 4290
36, 4291
16, 4292
16, 4293
16, 4294
16, 4295
37, 4296
37, 4297
37, 4298
37, 4299
38, 4300
38, 4301
38, 4302
38, 4303
18, 4304
18, 4305
18, 4306
18, 4307
52, 4308
52, 4309
52, 4310
52, 4311
21, 4312
21, 4313
21, 4314
21, 4315
46, 4316
46, 4317
46, 4318
46, 4319
24, 4320
24, 4321
24, 4322
24, 4323
48, 4324
48, 4325
48, 4326
48, 4327
39, 4328
39, 4329
39, 4330
39, 4331
0, 4332
0, 4333
0, 4334
0, 4335
26, 4336
26, 4337
26, 4338
26, 4339
27, 4340
27, 4341
27, 4342
27, 4343
28, 4344
28, 4345
28, 4346
28, 4347
1, 4348
1, 4349
1, 4350
1, 4351
2, 4352
2, 4353
2, 4354
2, 4355
5, 4356
5, 4357
5, 4358
5, 4359
4, 4360
4, 4361
4, 4362
4, 4363
50, 4364
50, 4365
50, 4366
50, 4367
31, 4368
31, 4369
31, 4370
31, 4371
40, 4372
40, 4373
40, 4374
40, 4375
6, 4376
6, 4377
6, 4378
6, 4379
32, 4380
32, 4381
32, 4382
32, 4383
54, 4384
54, 4385
54, 4386
54, 4387
7, 4388
7, 4389
7, 4390
7, 4391
10, 4392
10, 4393
10, 4394
10, 4395
12, 4396
12, 4397
12, 4398
12, 4399
15, 4400
15, 4401
15, 4402
15, 4403
47, 4404
47, 4405
47, 4406
47, 4407
14, 4408
14, 4409
14, 4410
14, 4411
35, 4412
35, 4413
35, 4414
35, 4415
36, 4416
36, 4417
36, 4418
36, 4419
16, 4420
16, 4421
16, 4422
16, 4423
37, 4424
37, 4425
37, 4426
37, 4427
38, 4428
38, 4429
38, 4430
38, 4431
18, 4432
18, 4433
18, 4434
18, 4435
52, 4436
52, 4437
52, 4438
52, 4439
21, 4440
21, 4441
21, 4442
21, 4443
46, 4444
46, 4445
46, 4446
46, 4447
24, 4448
24, 4449
24, 4450
24, 4451
48, 4452
48, 4453
48, 4454
48, 4455
39, 4456
39, 4457
39, 4458
39, 4459
0, 4460
0, 4461
0, 4462
0, 4463
26, 4464
26, 4465
26, 4466
26, 4467
27, 4468
27, 4469
27, 4470
27, 4471
28, 4472
28, 4473
28, 4474
28, 4475
1, 4476
1, 4477
1, 4478
1, 4479
2, 4480
2, 4481
2, 4482
2, 4483
5, 4484
5, 4485
5, 4486
5, 4487
4, 4488
4, 4489
4, 4490
4, 4491
50, 4492
50, 4493
50, 4494
50, 4495
31, 4496
31, 4497
31, 4498
31, 4499
40, 4500
40, 4501
40, 4502
40, 4503
6, 4504
6, 4505
6, 4506
6, 4507
32, 4508
32, 4509
32, 4510
32, 4511
54, 4512
54, 4513
54, 4514
54, 4515
7, 4516
7, 4517
7, 4518
7, 4519
10, 4520
10, 4521
10, 4522
10, 4523
12, 4524
12, 4525
12, 4526
12, 4527
15, 4528
15, 4529
15, 4530
15, 4531
47, 4532
47, 4533
47, 4534
47, 4535
14, 4536
14, 4537
14, 4538
14, 4539
35, 4540
35, 4541
35, 4542
35, 4543
36, 4544
36, 4545
36, 4546
36, 4547
16, 4548
16, 4549
16, 4550
16, 4551
43, 4552
43, 4553
43, 4554
43, 4555
37, 4556
37, 4557
37, 4558
37, 4559
38, 4560
38, 4561
38, 4562
38, 4563
18, 4564
18, 4565
18, 4566
18, 4567
52, 4568
52, 4569
52, 4570
52, 4571
21, 4572
21, 4573
21, 4574
21, 4575
46, 4576
46, 4577
46, 4578
46, 4579
24, 4580
24, 4581
24, 4582
24, 4583
48, 4584
48, 4585
48, 4586
48, 4587
39, 4588
39, 4589
39, 4590
39, 4591
0, 4592
0, 4593
0, 4594
0, 4595
26, 4596
26, 4597
26, 4598
26, 4599
27, 4600
27, 4601
27, 4602
27, 4603
28, 4604
28, 4605
28, 4606
28, 4607
1, 4608
1, 4609
1, 4610
1, 4611
2, 4612
2, 4613
2, 4614
2, 4615
5, 4616
5, 4617
5, 4618
5, 4619
4, 4620
4, 4621
4, 4622
4, 4623
50, 4624
50, 4625
50, 4626
50, 4627
31, 4628
31, 4629
31, 4630
31, 4631
40, 4632
40, 4633
40, 4634
40, 4635
6, 4636
6, 4637
6, 4638
6, 4639
32, 4640
32, 4641
32, 4642
32, 4643
54, 4644
54, 4645
54, 4646
54, 4647
7, 4648
7, 4649
7, 4650
7, 4651
10, 4652
10, 4653
10, 4654
10, 4655
12, 4656
12, 4657
12, 4658
12, 4659
15, 4660
15, 4661
15, 4662
15, 4663
47, 4664
47, 4665
47, 4666
47, 4667
14, 4668
14, 4669
14, 4670
14, 4671
35, 4672
35, 4673
35, 4674
35, 4675
36, 4676
36, 4677
36, 4678
36, 4679
16, 4680
16, 4681
16, 4682
16, 4683
43, 4684
43, 4685
43, 4686
43, 4687
37, 4688
37, 4689
37, 4690
37, 4691
55, 4692
55, 4693
55, 4694
55, 4695
38, 4696
38, 4697
38, 4698
38, 4699
18, 4700
18, 4701
18, 4702
18, 4703
52, 4704
52, 4705
52, 4706
52, 4707
21, 4708
21, 4709
21, 4710
21, 4711
46, 4712
46, 4713
46, 4714
46, 4715
24, 4716
24, 4717
24, 4718
24, 4719
48, 4720
48, 4721
48, 4722
48, 4723
39, 4724
39, 4725
39, 4726
39, 4727
0, 4728
0, 4729
0, 4730
0, 4731
26, 4732
26, 4733
26, 4734
26, 4735
27, 4736
27, 4737
27, 4738
27, 4739
28, 4740
28, 4741
28, 4742
28, 4743
1, 4744
1, 4745
1, 4746
1, 4747
2, 4748
2, 4749
2, 4750
2, 4751
4, 4752
4, 4753
4, 4754
4, 4755
50, 4756
50, 4757
50, 4758
50, 4759
31, 4760
31, 4761
31, 4762
31, 4763
5, 4764
5, 4765
5, 4766
5, 4767
40, 4768
40, 4769
40, 4770
40, 4771
6, 4772
6, 4773
6, 4774
6, 4775
54, 4776
54, 4777
54, 4778
54, 4779
32, 4780
32, 4781
32, 4782
32, 4783
7, 4784
7, 4785
7, 4786
7, 4787
10, 4788
10, 4789
10, 4790
10, 4791
12, 4792
12, 4793
12, 4794
12, 4795
15, 4796
15, 4797
15, 4798
15, 4799
47, 4800
47, 4801
47, 4802
47, 4803
14, 4804
14, 4805
14, 4806
14, 4807
35, 4808
35, 4809
35, 4810
35, 4811
36, 4812
36, 4813
36, 4814
36, 4815
16, 4816
16, 4817
16, 4818
16, 4819
43, 4820
43, 4821
43, 4822
43, 4823
37, 4824
37, 4825
37, 4826
37, 4827
55, 4828
55, 4829
55, 4830
55, 4831
38, 4832
38, 4833
38, 4834
38, 4835
18, 4836
18, 4837
18, 4838
18, 4839
52, 4840
52, 4841
52, 4842
52, 4843
0, 4844
0, 4845
0, 4846
0, 4847
2, 4848
2, 4849
2, 4850
2, 4851
21, 4852
21, 4853
21, 4854
21, 4855
23, 4856
23, 4857
23, 4858
23, 4859
24, 4860
24, 4861
24, 4862
24, 4863
48, 4864
48, 4865
48, 4866
48, 4867
39, 4868
39, 4869
39, 4870
39, 4871
25, 4872
25, 4873
25, 4874
25, 4875
26, 4876
26, 4877
26, 4878
26, 4879
27, 4880
27, 4881
27, 4882
27, 4883
28, 4884
28, 4885
28, 4886
28, 4887
1, 4888
1, 4889
1, 4890
1, 4891
31, 4892
31, 4893
31, 4894
31, 4895
4, 4896
4, 4897
4, 4898
4, 4899
50, 4900
50, 4901
50, 4902
50, 4903
5, 4904
5, 4905
5, 4906
5, 4907
56, 4908
56, 4909
56, 4910
56, 4911
40, 4912
40, 4913
40, 4914
40, 4915
6, 4916
6, 4917
6, 4918
6, 4919
54, 4920
54, 4921
54, 4922
54, 4923
32, 4924
32, 4925
32, 4926
32, 4927
7, 4928
7, 4929
7, 4930
7, 4931
10, 4932
10, 4933
10, 4934
10, 4935
12, 4936
12, 4937
12, 4938
12, 4939
15, 4940
15, 4941
15, 4942
15, 4943
47, 4944
47, 4945
47, 4946
47, 4947
14, 4948
14, 4949
14, 4950
14, 4951
35, 4952
35, 4953
35, 4954
35, 4955
36, 4956
36, 4957
36, 4958
36, 4959
16, 4960
16, 4961
16, 4962
16, 4963
43, 4964
43, 4965
43, 4966
43, 4967
37, 4968
37, 4969
37, 4970
37, 4971
55, 4972
55, 4973
55, 4974
55, 4975
38, 4976
38, 4977
38, 4978
38, 4979
18, 4980
18, 4981
18, 4982
18, 4983
0, 4984
0, 4985
0, 4986
0, 4987
2, 4988
2, 4989
2, 4990
2, 4991
21, 4992
21, 4993
21, 4994
21, 4995
23, 4996
23, 4997
23, 4998
23, 4999
24, 5000
24, 5001
24, 5002
24, 5003
48, 5004
48, 5005
48, 5006
48, 5007
39, 5008
39, 5009
39, 5010
39, 5011
25, 5012
25, 5013
25, 5014
25, 5015
26, 5016
26, 5017
26, 5018
26, 5019
27, 5020
27, 5021
27, 5022
27, 5023
28, 5024
28, 5025
28, 5026
28, 5027
1, 5028
1, 5029
1, 5030
1, 5031
31, 5032
31, 5033
31, 5034
31, 5035
4, 5036
4, 5037
4, 5038
4, 5039
50, 5040
50, 5041
50, 5042
50, 5043
5, 5044
5, 5045
5, 5046
5, 5047
56, 5048
56, 5049
56, 5050
56, 5051
40, 5052
40, 5053
40, 5054
40, 5055
6, 5056
6, 5057
6, 5058
6, 5059
54, 5060
54, 5061
54, 5062
54, 5063
32, 5064
32, 5065
32, 5066
32, 5067
7, 5068
7, 5069
7, 5070
7, 5071
10, 5072
10, 5073
10, 5074
10, 5075
12, 5076
12, 5077
12, 5078
12, 5079
15, 5080
15, 5081
15, 5082
15, 5083
47, 5084
47, 5085
47, 5086
47, 5087
14, 5088
14, 5089
14, 5090
14, 5091
35, 5092
35, 5093
35, 5094
35, 5095
36, 5096
36, 5097
36, 5098
36, 5099
16, 5100
16, 5101
16, 5102
16, 5103
43, 5104
43, 5105
43, 5106
43, 5107
37, 5108
37, 5109
37, 5110
37, 5111
57, 5112
57, 5113
57, 5114
57, 5115
55, 5116
55, 5117
55, 5118
55, 5119
38, 5120
38, 5121
38, 5122
38, 5123
18, 5124
18, 5125
18, 5126
18, 5127
0, 5128
0, 5129
0, 5130
0, 5131
2, 5132
2, 5133
2, 5134
2, 5135
21, 5136
21, 5137
21, 5138
21, 5139
23, 5140
23, 5141
23, 5142
23, 5143
24, 5144
24, 5145
24, 5146
24, 5147
48, 5148
48, 5149
48, 5150
48, 5151
39, 5152
39, 5153
39, 5154
39, 5155
25, 5156
25, 5157
25, 5158
25, 5159
26, 5160
26, 5161
26, 5162
26, 5163
27, 5164
27, 5165
27, 5166
27, 5167
28, 5168
28, 5169
28, 5170
28, 5171
1, 5172
1, 5173
1, 5174
1, 5175
31, 5176
31, 5177
31, 5178
31, 5179
4, 5180
4, 5181
4, 5182
4, 5183
50, 5184
50, 5185
50, 5186
50, 5187
5, 5188
5, 5189
5, 5190
5, 5191
56, 5192
56, 5193
56, 5194
56, 5195
40, 5196
40, 5197
40, 5198
40, 5199
6, 5200
6, 5201
6, 5202
6, 5203
54, 5204
54, 5205
54, 5206
54, 5207
32, 5208
32, 5209
32, 5210
32, 5211
7, 5212
7, 5213
7, 5214
7, 5215
10, 5216
10, 5217
10, 5218
10, 5219
12, 5220
12, 5221
12, 5222
12, 5223
15, 5224
15, 5225
15, 5226
15, 5227
47, 5228
47, 5229
47, 5230
47, 5231
14, 5232
14, 5233
14, 5234
14, 5235
35, 5236
35, 5237
35, 5238
35, 5239
36, 5240
36, 5241
36, 5242
36, 5243
16, 5244
16, 5245
16, 5246
16, 5247
37, 5248
37, 5249
37, 5250
37, 5251
57, 5252
57, 5253
57, 5254
57, 5255
55, 5256
55, 5257
55, 5258
55, 5259
38, 5260
38, 5261
38, 5262
38, 5263
18, 5264
18, 5265
18, 5266
18, 5267
0, 5268
0, 5269
0, 5270
0, 5271
21, 5272
21, 5273
21, 5274
21, 5275
23, 5276
23, 5277
23, 5278
23, 5279
24, 5280
24, 5281
24, 5282
24, 5283
48, 5284
48, 5285
48, 5286
48, 5287
39, 5288
39, 5289
39, 5290
39, 5291
25, 5292
25, 5293
25, 5294
25, 5295
26, 5296
26, 5297
26, 5298
26, 5299
27, 5300
27, 5301
27, 5302
27, 5303
28, 5304
28, 5305
28, 5306
28, 5307
1, 5308
1, 5309
1, 5310
1, 5311
31, 5312
31, 5313
31, 5314
31, 5315
4, 5316
4, 5317
4, 5318
4, 5319
50, 5320
50, 5321
50, 5322
50, 5323
5, 5324
5, 5325
5, 5326
5, 5327
56, 5328
56, 5329
56, 5330
56, 5331
40, 5332
40, 5333
40, 5334
40, 5335
6, 5336
6, 5337
6, 5338
6, 5339
54, 5340
54, 5341
54, 5342
54, 5343
32, 5344
32, 5345
32, 5346
32, 5347
7, 5348
7, 5349
7, 5350
7, 5351
10, 5352
10, 5353
10, 5354
10, 5355
12, 5356
12, 5357
12, 5358
12, 5359
15, 5360
15, 5361
15, 5362
15, 5363
47, 5364
47, 5365
47, 5366
47, 5367
14, 5368
14, 5369
14, 5370
14, 5371
35, 5372
35, 5373
35, 5374
35, 5375
36, 5376
36, 5377
36, 5378
36, 5379
16, 5380
16, 5381
16, 5382
16, 5383
37, 5384
37, 5385
37, 5386
37, 5387
57, 5388
57, 5389
57, 5390
57, 5391
55, 5392
55, 5393
55, 5394
55, 5395
38, 5396
38, 5397
38, 5398
38, 5399
18, 5400
18, 5401
18, 5402
18, 5403
0, 5404
0, 5405
0, 5406
0, 5407
21, 5408
21, 5409
21, 5410
21, 5411
23, 5412
23, 5413
23, 5414
23, 5415
24, 5416
24, 5417
24, 5418
24, 5419
48, 5420
48, 5421
48, 5422
48, 5423
39, 5424
39, 5425
39, 5426
39, 5427
25, 5428
25, 5429
25, 5430
25, 5431
26, 5432
26, 5433
26, 5434
26, 5435
27, 5436
27, 5437
27, 5438
27, 5439
28, 5440
28, 5441
28, 5442
28, 5443
1, 5444
1, 5445
1, 5446
1, 5447
31, 5448
31, 5449
31, 5450
31, 5451
4, 5452
4, 5453
4, 5454
4, 5455
50, 5456
50, 5457
50, 5458
50, 5459
5, 5460
5, 5461
5, 5462
5, 5463
56, 5464
56, 5465
56, 5466
56, 5467
40, 5468
40, 5469
40, 5470
40, 5471
6, 5472
6, 5473
6, 5474
6, 5475
54, 5476
54, 5477
54, 5478
54, 5479
32, 5480
32, 5481
32, 5482
32, 5483
7, 5484
7, 5485
7, 5486
7, 5487
10, 5488
10, 5489
10, 5490
10, 5491
12, 5492
12, 5493
12, 5494
12, 5495
15, 5496
15, 5497
15, 5498
15, 5499
47, 5500
47, 5501
47, 5502
47, 5503
14, 5504
14, 5505
14, 5506
14, 5507
35, 5508
35, 5509
35, 5510
35, 5511
36, 5512
36, 5513
36, 5514
36, 5515
16, 5516
16, 5517
16, 5518
16, 5519
43, 5520
43, 5521
43, 5522
43, 5523
37, 5524
37, 5525
37, 5526
37, 5527
57, 5528
57, 5529
57, 5530
57, 5531
55, 5532
55, 5533
55, 5534
55, 5535
38, 5536
38, 5537
38, 5538
38, 5539
18, 5540
18, 5541
18, 5542
18, 5543
0, 5544
0, 5545
0, 5546
0, 5547
21, 5548
21, 5549
21, 5550
21, 5551
23, 5552
23, 5553
23, 5554
23, 5555
24, 5556
24, 5557
24, 5558
24, 5559
48, 5560
48, 5561
48, 5562
48, 5563
39, 5564
39, 5565
39, 5566
39, 5567
25, 5568
25, 5569
25, 5570
25, 5571
26, 5572
26, 5573
26, 5574
26, 5575
27, 5576
27, 5577
27, 5578
27, 5579
28, 5580
28, 5581
28, 5582
28, 5583
1, 5584
1, 5585
1, 5586
1, 5587
31, 5588
31, 5589
31, 5590
31, 5591
4, 5592
4, 5593
4, 5594
4, 5595
50, 5596
50, 5597
50, 5598
50, 5599
5, 5600
5, 5601
5, 5602
5, 5603
56, 5604
56, 5605
56, 5606
56, 5607
40, 5608
40, 5609
40, 5610
40, 5611
6, 5612
6, 5613
6, 5614
6, 5615
54, 5616
54, 5617
54, 5618
54, 5619
32, 5620
32, 5621
32, 5622
32, 5623
7, 5624
7, 5625
7, 5626
7, 5627
10, 5628
10, 5629
10, 5630
10, 5631
12, 5632
12, 5633
12, 5634
12, 5635
15, 5636
15, 5637
15, 5638
15, 5639
47, 5640
47, 5641
47, 5642
47, 5643
14, 5644
14, 5645
14, 5646
14, 5647
35, 5648
35, 5649
35, 5650
35, 5651
36, 5652
36, 5653
36, 5654
36, 5655
16, 5656
16, 5657
16, 5658
16, 5659
43, 5660
43, 5661
43, 5662
43, 5663
37, 5664
37, 5665
37, 5666
37, 5667
57, 5668
57, 5669
57, 5670
57, 5671
55, 5672
55, 5673
55, 5674
55, 5675
38, 5676
38, 5677
38, 5678
38, 5679
18, 5680
18, 5681
18, 5682
18, 5683
21, 5684
21, 5685
21, 5686
21, 5687
23, 5688
23, 5689
23, 5690
23, 5691
24, 5692
24, 5693
24, 5694
24, 5695
48, 5696
48, 5697
48, 5698
48, 5699
39, 5700
39, 5701
39, 5702
39, 5703
25, 5704
25, 5705
25, 5706
25, 5707
26, 5708
26, 5709
26, 5710
26, 5711
27, 5712
27, 5713
27, 5714
27, 5715
28, 5716
28, 5717
28, 5718
28, 5719
1, 5720
1, 5721
1, 5722
1, 5723
31, 5724
31, 5725
31, 5726
31, 5727
4, 5728
4, 5729
4, 5730
4, 5731
50, 5732
50, 5733
50, 5734
50, 5735
5, 5736
5, 5737
5, 5738
5, 5739
56, 5740
56, 5741
56, 5742
56, 5743
40, 5744
40, 5745
40, 5746
40, 5747
6, 5748
6, 5749
6, 5750
6, 5751
54, 5752
54, 5753
54, 5754
54, 5755
32, 5756
32, 5757
32, 5758
32, 5759
7, 5760
7, 5761
7, 5762
7, 5763
10, 5764
10, 5765
10, 5766
10, 5767
12, 5768
12, 5769
12, 5770
12, 5771
15, 5772
15, 5773
15, 5774
15, 5775
47, 5776
47, 5777
47, 5778
47, 5779
14, 5780
14, 5781
14, 5782
14, 5783
35, 5784
35, 5785
35, 5786
35, 5787
36, 5788
36, 5789
36, 5790
36, 5791
16, 5792
16, 5793
16, 5794
16, 5795
43, 5796
43, 5797
43, 5798
43, 5799
37, 5800
37, 5801
37, 5802
37, 5803
55, 5804
55, 5805
55, 5806
55, 5807
38, 5808
38, 5809
38, 5810
38, 5811
18, 5812
18, 5813
18, 5814
18, 5815
21, 5816
21, 5817
21, 5818
21, 5819
23, 5820
23, 5821
23, 5822
23, 5823
48, 5824
48, 5825
48, 5826
48, 5827
39, 5828
39, 5829
39, 5830
39, 5831
25, 5832
25, 5833
25, 5834
25, 5835
26, 5836
26, 5837
26, 5838
26, 5839
27, 5840
27, 5841
27, 5842
27, 5843
28, 5844
28, 5845
28, 5846
28, 5847
1, 5848
1, 5849
1, 5850
1, 5851
31, 5852
31, 5853
31, 5854
31, 5855
4, 5856
4, 5857
4, 5858
4, 5859
50, 5860
50, 5861
50, 5862
50, 5863
5, 5864
5, 5865
5, 5866
5, 5867
56, 5868
56, 5869
56, 5870
56, 5871
40, 5872
40, 5873
40, 5874
40, 5875
6, 5876
6, 5877
6, 5878
6, 5879
54, 5880
54, 5881
54, 5882
54, 5883
32, 5884
32, 5885
32, 5886
32, 5887
7, 5888
7, 5889
7, 5890
7, 5891
10, 5892
10, 5893
10, 5894
10, 5895
12, 5896
12, 5897
12, 5898
12, 5899
15, 5900
15, 5901
15, 5902
15, 5903
47, 5904
47, 5905
47, 5906
47, 5907
14, 5908
14, 5909
14, 5910
14, 5911
35, 5912
35, 5913
35, 5914
35, 5915
36, 5916
36, 5917
36, 5918
36, 5919
16, 5920
16, 5921
16, 5922
16, 5923
43, 5924
43, 5925
43, 5926
43, 5927
37, 5928
37, 5929
37, 5930
37, 5931
57, 5932
57, 5933
57, 5934
57, 5935
55, 5936
55, 5937
55, 5938
55, 5939
38, 5940
38, 5941
38, 5942
38, 5943
18, 5944
18, 5945
18, 5946
18, 5947
21, 5948
21, 5949
21, 5950
21, 5951
23, 5952
23, 5953
23, 5954
23, 5955
48, 5956
48, 5957
48, 5958
48, 5959
39, 5960
39, 5961
39, 5962
39, 5963
25, 5964
25, 5965
25, 5966
25, 5967
26, 5968
26, 5969
26, 5970
26, 5971
27, 5972
27, 5973
27, 5974
27, 5975
28, 5976
28, 5977
28, 5978
28, 5979
1, 5980
1, 5981
1, 5982
1, 5983
31, 5984
31, 5985
31, 5986
31, 5987
4, 5988
4, 5989
4, 5990
4, 5991
50, 5992
50, 5993
50, 5994
50, 5995
5, 5996
5, 5997
5, 5998
5, 5999
56, 6000
56, 6001
56, 6002
56, 6003
40, 6004
40, 6005
40, 6006
40, 6007
6, 6008
6, 6009
6, 6010
6, 6011
54, 6012
54, 6013
54, 6014
54, 6015
32, 6016
32, 6017
32, 6018
32, 6019
7, 6020
7, 6021
7, 6022
7, 6023
10, 6024
10, 6025
10, 6026
10, 6027
12, 6028
12, 6029
12, 6030
12, 6031
15, 6032
15, 6033
15, 6034
15, 6035
47, 6036
47, 6037
47, 6038
47, 6039
14, 6040
14, 6041
14, 6042
14, 6043
35, 6044
35, 6045
35, 6046
35, 6047
36, 6048
36, 6049
36, 6050
36, 6051
16, 6052
16, 6053
16, 6054
16, 6055
43, 6056
43, 6057
43, 6058
43, 6059
37, 6060
37, 6061
37, 6062
37, 6063
55, 6064
55, 6065
55, 6066
55, 6067
38, 6068
38, 6069
38, 6070
38, 6071
18, 6072
18, 6073
18, 6074
18, 6075
25, 6076
25, 6077
25, 6078
25, 6079
21, 6080
21, 6081
21, 6082
21, 6083
23, 6084
23, 6085
23, 6086
23, 6087
48, 6088
48, 6089
48, 6090
48, 6091
39, 6092
39, 6093
39, 6094
39, 6095
0, 6096
0, 6097
0, 6098
0, 6099
26, 6100
26, 6101
26, 6102
26, 6103
27, 6104
27, 6105
27, 6106
27, 6107
28, 6108
28, 6109
28, 6110
28, 6111
1, 6112
1, 6113
1, 6114
1, 6115
31, 6116
31, 6117
31, 6118
31, 6119
4, 6120
4, 6121
4, 6122
4, 6123
50, 6124
50, 6125
50, 6126
50, 6127
5, 6128
5, 6129
5, 6130
5, 6131
56, 6132
56, 6133
56, 6134
56, 6135
40, 6136
40, 6137
40, 6138
40, 6139
6, 6140
6, 6141
6, 6142
6, 6143
54, 6144
54, 6145
54, 6146
54, 6147
32, 6148
32, 6149
32, 6150
32, 6151
7, 6152
7, 6153
7, 6154
7, 6155
10, 6156
10, 6157
10, 6158
10, 6159
12, 6160
12, 6161
12, 6162
12, 6163
15, 6164
15, 6165
15, 6166
15, 6167
47, 6168
47, 6169
47, 6170
47, 6171
14, 6172
14, 6173
14, 6174
14, 6175
35, 6176
35, 6177
35, 6178
35, 6179
36, 6180
36, 6181
36, 6182
36, 6183
16, 6184
16, 6185
16, 6186
16, 6187
43, 6188
43, 6189
43, 6190
43, 6191
37, 6192
37, 6193
37, 6194
37, 6195
55, 6196
55, 6197
55, 6198
55, 6199
38, 6200
38, 6201
38, 6202
38, 6203
18, 6204
18, 6205
18, 6206
18, 6207
25, 6208
25, 6209
25, 6210
25, 6211
58, 6212
58, 6213
58, 6214
58, 6215
59, 6216
59, 6217
59, 6218
59, 6219
21, 6220
21, 6221
21, 6222
21, 6223
23, 6224
23, 6225
23, 6226
23, 6227
48, 6228
48, 6229
48, 6230
48, 6231
39, 6232
39, 6233
39, 6234
39, 6235
0, 6236
0, 6237
0, 6238
0, 6239
26, 6240
26, 6241
26, 6242
26, 6243
27, 6244
27, 6245
27, 6246
27, 6247
28, 6248
28, 6249
28, 6250
28, 6251
1, 6252
1, 6253
1, 6254
1, 6255
31, 6256
31, 6257
31, 6258
31, 6259
4, 6260
4, 6261
4, 6262
4, 6263
50, 6264
50, 6265
50, 6266
50, 6267
5, 6268
5, 6269
5, 6270
5, 6271
56, 6272
56, 6273
56, 6274
56, 6275
40, 6276
40, 6277
40, 6278
40, 6279
54, 6280
54, 6281
54, 6282
54, 6283
32, 6284
32, 6285
32, 6286
32, 6287
7, 6288
7, 6289
7, 6290
7, 6291
10, 6292
10, 6293
10, 6294
10, 6295
12, 6296
12, 6297
12, 6298
12, 6299
15, 6300
15, 6301
15, 6302
15, 6303
47, 6304
47, 6305
47, 6306
47, 6307
14, 6308
14, 6309
14, 6310
14, 6311
35, 6312
35, 6313
35, 6314
35, 6315
36, 6316
36, 6317
36, 6318
36, 6319
16, 6320
16, 6321
16, 6322
16, 6323
43, 6324
43, 6325
43, 6326
43, 6327
37, 6328
37, 6329
37, 6330
37, 6331
55, 6332
55, 6333
55, 6334
55, 6335
38, 6336
38, 6337
38, 6338
38, 6339
18, 6340
18, 6341
18, 6342
18, 6343
58, 6344
58, 6345
58, 6346
58, 6347
59, 6348
59, 6349
59, 6350
59, 6351
21, 6352
21, 6353
21, 6354
21, 6355
23, 6356
23, 6357
23, 6358
23, 6359
48, 6360
48, 6361
48, 6362
48, 6363
39, 6364
39, 6365
39, 6366
39, 6367
0, 6368
0, 6369
0, 6370
0, 6371
26, 6372
26, 6373
26, 6374
26, 6375
27, 6376
27, 6377
27, 6378
27, 6379
28, 6380
28, 6381
28, 6382
28, 6383
1, 6384
1, 6385
1, 6386
1, 6387
50, 6388
50, 6389
50, 6390
50, 6391
5, 6392
5, 6393
5, 6394
5, 6395
56, 6396
56, 6397
56, 6398
56, 6399
40, 6400
40, 6401
40, 6402
40, 6403
54, 6404
54, 6405
54, 6406
54, 6407
32, 6408
32, 6409
32, 6410
32, 6411
7, 6412
7, 6413
7, 6414
7, 6415
10, 6416
10, 6417
10, 6418
10, 6419
12, 6420
12, 6421
12, 6422
12, 6423
15, 6424
15, 6425
15, 6426
15, 6427
47, 6428
47, 6429
47, 6430
47, 6431
14, 6432
14, 6433
14, 6434
14, 6435
35, 6436
35, 6437
35, 6438
35, 6439
36, 6440
36, 6441
36, 6442
36, 6443
16, 6444
16, 6445
16, 6446
16, 6447
43, 6448
43, 6449
43, 6450
43, 6451
37, 6452
37, 6453
37, 6454
37, 6455
55, 6456
55, 6457
55, 6458
55, 6459
38, 6460
38, 6461
38, 6462
38, 6463
18, 6464
18, 6465
18, 6466
18, 6467
60, 6468
60, 6469
60, 6470
60, 6471
21, 6472
21, 6473
21, 6474
21, 6475
23, 6476
23, 6477
23, 6478
23, 6479
48, 6480
48, 6481
48, 6482
48, 6483
39, 6484
39, 6485
39, 6486
39, 6487
0, 6488
0, 6489
0, 6490
0, 6491
26, 6492
26, 6493
26, 6494
26, 6495
27, 6496
27, 6497
27, 6498
27, 6499
28, 6500
28, 6501
28, 6502
28, 6503
1, 6504
1, 6505
1, 6506
1, 6507
4, 6508
4, 6509
4, 6510
4, 6511
50, 6512
50, 6513
50, 6514
50, 6515
5, 6516
5, 6517
5, 6518
5, 6519
56, 6520
56, 6521
56, 6522
56, 6523
40, 6524
40, 6525
40, 6526
40, 6527
54, 6528
54, 6529
54, 6530
54, 6531
32, 6532
32, 6533
32, 6534
32, 6535
7, 6536
7, 6537
7, 6538
7, 6539
10, 6540
10, 6541
10, 6542
10, 6543
12, 6544
12, 6545
12, 6546
12, 6547
15, 6548
15, 6549
15, 6550
15, 6551
47, 6552
47, 6553
47, 6554
47, 6555
14, 6556
14, 6557
14, 6558
14, 6559
35, 6560
35, 6561
35, 6562
35, 6563
36, 6564
36, 6565
36, 6566
36, 6567
16, 6568
16, 6569
16, 6570
16, 6571
43, 6572
43, 6573
43, 6574
43, 6575
37, 6576
37, 6577
37, 6578
37, 6579
55, 6580
55, 6581
55, 6582
55, 6583
38, 6584
38, 6585
38, 6586
38, 6587
18, 6588
18, 6589
18, 6590
18, 6591
61, 6592
61, 6593
61, 6594
61, 6595
60, 6596
60, 6597
60, 6598
60, 6599
21, 6600
21, 6601
21, 6602
21, 6603
23, 6604
23, 6605
23, 6606
23, 6607
48, 6608
48, 6609
48, 6610
48, 6611
39, 6612
39, 6613
39, 6614
39, 6615
0, 6616
0, 6617
0, 6618
0, 6619
26, 6620
26, 6621
26, 6622
26, 6623
27, 6624
27, 6625
27, 6626
27, 6627
28, 6628
28, 6629
28, 6630
28, 6631
1, 6632
1, 6633
1, 6634
1, 6635
4, 6636
4, 6637
4, 6638
4, 6639
50, 6640
50, 6641
50, 6642
50, 6643
5, 6644
5, 6645
5, 6646
5, 6647
56, 6648
56, 6649
56, 6650
56, 6651
40, 6652
40, 6653
40, 6654
40, 6655
54, 6656
54, 6657
54, 6658
54, 6659
32, 6660
32, 6661
32, 6662
32, 6663
7, 6664
7, 6665
7, 6666
7, 6667
10, 6668
10, 6669
10, 6670
10, 6671
12, 6672
12, 6673
12, 6674
12, 6675
15, 6676
15, 6677
15, 6678
15, 6679
47, 6680
47, 6681
47, 6682
47, 6683
14, 6684
14, 6685
14, 6686
14, 6687
35, 6688
35, 6689
35, 6690
35, 6691
36, 6692
36, 6693
36, 6694
36, 6695
16, 6696
16, 6697
16, 6698
16, 6699
37, 6700
37, 6701
37, 6702
37, 6703
55, 6704
55, 6705
55, 6706
55, 6707
38, 6708
38, 6709
38, 6710
38, 6711
18, 6712
18, 6713
18, 6714
18, 6715
61, 6716
61, 6717
61, 6718
61, 6719
60, 6720
60, 6721
60, 6722
60, 6723
21, 6724
21, 6725
21, 6726
21, 6727
48, 6728
48, 6729
48, 6730
48, 6731
39, 6732
39, 6733
39, 6734
39, 6735
23, 6736
23, 6737
23, 6738
23, 6739
0, 6740
0, 6741
0, 6742
0, 6743
26, 6744
26, 6745
26, 6746
26, 6747
27, 6748
27, 6749
27, 6750
27, 6751
28, 6752
28, 6753
28, 6754
28, 6755
1, 6756
1, 6757
1, 6758
1, 6759
4, 6760
4, 6761
4, 6762
4, 6763
50, 6764
50, 6765
50, 6766
50, 6767
5, 6768
5, 6769
5, 6770
5, 6771
56, 6772
56, 6773
56, 6774
56, 6775
40, 6776
40, 6777
40, 6778
40, 6779
54, 6780
54, 6781
54, 6782
54, 6783
32, 6784
32, 6785
32, 6786
32, 6787
7, 6788
7, 6789
7, 6790
7, 6791
10, 6792
10, 6793
10, 6794
10, 6795
12, 6796
12, 6797
12, 6798
12, 6799
15, 6800
15, 6801
15, 6802
15, 6803
47, 6804
47, 6805
47, 6806
47, 6807
14, 6808
14, 6809
14, 6810
14, 6811
16, 6812
16, 6813
16, 6814
16, 6815
35, 6816
35, 6817
35, 6818
35, 6819
36, 6820
36, 6821
36, 6822
36, 6823
37, 6824
37, 6825
37, 6826
37, 6827
55, 6828
55, 6829
55, 6830
55, 6831
38, 6832
38, 6833
38, 6834
38, 6835
18, 6836
18, 6837
18, 6838
18, 6839
61, 6840
61, 6841
61, 6842
61, 6843
60, 6844
60, 6845
60, 6846
60, 6847
21, 6848
21, 6849
21, 6850
21, 6851
48, 6852
48, 6853
48, 6854
48, 6855
39, 6856
39, 6857
39, 6858
39, 6859
23, 6860
23, 6861
23, 6862
23, 6863
0, 6864
0, 6865
0, 6866
0, 6867
26, 6868
26, 6869
26, 6870
26, 6871
27, 6872
27, 6873
27, 6874
27, 6875
28, 6876
28, 6877
28, 6878
28, 6879
1, 6880
1, 6881
1, 6882
1, 6883
4, 6884
4, 6885
4, 6886
4, 6887
50, 6888
50, 6889
50, 6890
50, 6891
5, 6892
5, 6893
5, 6894
5, 6895
56, 6896
56, 6897
56, 6898
56, 6899
40, 6900
40, 6901
40, 6902
40, 6903
54, 6904
54, 6905
54, 6906
54, 6907
32, 6908
32, 6909
32, 6910
32, 6911
7, 6912
7, 6913
7, 6914
7, 6915
10, 6916
10, 6917
10, 6918
10, 6919
12, 6920
12, 6921
12, 6922
12, 6923
15, 6924
15, 6925
15, 6926
15, 6927
47, 6928
47, 6929
47, 6930
47, 6931
14, 6932
14, 6933
14, 6934
14, 6935
16, 6936
16, 6937
16, 6938
16, 6939
35, 6940
35, 6941
35, 6942
35, 6943
36, 6944
36, 6945
36, 6946
36, 6947
37, 6948
37, 6949
37, 6950
37, 6951
55, 6952
55, 6953
55, 6954
55, 6955
38, 6956
38, 6957
38, 6958
38, 6959
18, 6960
18, 6961
18, 6962
18, 6963
60, 6964
60, 6965
60, 6966
60, 6967
21, 6968
21, 6969
21, 6970
21, 6971
62, 6972
62, 6973
62, 6974
62, 6975
48, 6976
48, 6977
48, 6978
48, 6979
39, 6980
39, 6981
39, 6982
39, 6983
23, 6984
23, 6985
23, 6986
23, 6987
0, 6988
0, 6989
0, 6990
0, 6991
26, 6992
26, 6993
26, 6994
26, 6995
27, 6996
27, 6997
27, 6998
27, 6999
28, 7000
28, 7001
28, 7002
28, 7003
1, 7004
1, 7005
1, 7006
1, 7007
4, 7008
4, 7009
4, 7010
4, 7011
50, 7012
50, 7013
50, 7014
50, 7015
5, 7016
5, 7017
5, 7018
5, 7019
56, 7020
56, 7021
56, 7022
56, 7023
40, 7024
40, 7025
40, 7026
40, 7027
63, 7028
63, 7029
63, 7030
63, 7031
32, 7032
32, 7033
32, 7034
32, 7035
7, 7036
7, 7037
7, 7038
7, 7039
10, 7040
10, 7041
10, 7042
10, 7043
12, 7044
12, 7045
12, 7046
12, 7047
15, 7048
15, 7049
15, 7050
15, 7051
47, 7052
47, 7053
47, 7054
47, 7055
14, 7056
14, 7057
14, 7058
14, 7059
35, 7060
35, 7061
35, 7062
35, 7063
36, 7064
36, 7065
36, 7066
36, 7067
16, 7068
16, 7069
16, 7070
16, 7071
37, 7072
37, 7073
37, 7074
37, 7075
55, 7076
55, 7077
55, 7078
55, 7079
38, 7080
38, 7081
38, 7082
38, 7083
18, 7084
18, 7085
18, 7086
18, 7087
60, 7088
60, 7089
60, 7090
60, 7091
21, 7092
21, 7093
21, 7094
21, 7095
62, 7096
62, 7097
62, 7098
62, 7099
48, 7100
48, 7101
48, 7102
48, 7103
39, 7104
39, 7105
39, 7106
39, 7107
23, 7108
23, 7109
23, 7110
23, 7111
0, 7112
0, 7113
0, 7114
0, 7115
26, 7116
26, 7117
26, 7118
26, 7119
27, 7120
27, 7121
27, 7122
27, 7123
28, 7124
28, 7125
28, 7126
28, 7127
1, 7128
1, 7129
1, 7130
1, 7131
50, 7132
50, 7133
50, 7134
50, 7135
5, 7136
5, 7137
5, 7138
5, 7139
56, 7140
56, 7141
56, 7142
56, 7143
40, 7144
40, 7145
40, 7146
40, 7147
63, 7148
63, 7149
63, 7150
63, 7151
32, 7152
32, 7153
32, 7154
32, 7155
7, 7156
7, 7157
7, 7158
7, 7159
10, 7160
10, 7161
10, 7162
10, 7163
12, 7164
12, 7165
12, 7166
12, 7167
15, 7168
15, 7169
15, 7170
15, 7171
47, 7172
47, 7173
47, 7174
47, 7175
14, 7176
14, 7177
14, 7178
14, 7179
35, 7180
35, 7181
35, 7182
35, 7183
36, 7184
36, 7185
36, 7186
36, 7187
16, 7188
16, 7189
16, 7190
16, 7191
43, 7192
43, 7193
43, 7194
43, 7195
37, 7196
37, 7197
37, 7198
37, 7199
55, 7200
55, 7201
55, 7202
55, 7203
38, 7204
38, 7205
38, 7206
38, 7207
18, 7208
18, 7209
18, 7210
18, 7211
60, 7212
60, 7213
60, 7214
60, 7215
21, 7216
21, 7217
21, 7218
21, 7219
62, 7220
62, 7221
62, 7222
62, 7223
48, 7224
48, 7225
48, 7226
48, 7227
39, 7228
39, 7229
39, 7230
39, 7231
0, 7232
0, 7233
0, 7234
0, 7235
26, 7236
26, 7237
26, 7238
26, 7239
27, 7240
27, 7241
27, 7242
27, 7243
28, 7244
28, 7245
28, 7246
28, 7247
1, 7248
1, 7249
1, 7250
1, 7251
50, 7252
50, 7253
50, 7254
50, 7255
5, 7256
5, 7257
5, 7258
5, 7259
56, 7260
56, 7261
56, 7262
56, 7263
40, 7264
40, 7265
40, 7266
40, 7267
63, 7268
63, 7269
63, 7270
63, 7271
32, 7272
32, 7273
32, 7274
32, 7275
7, 7276
7, 7277
7, 7278
7, 7279
10, 7280
10, 7281
10, 7282
10, 7283
12, 7284
12, 7285
12, 7286
12, 7287
15, 7288
15, 7289
15, 7290
15, 7291
47, 7292
47, 7293
47, 7294
47, 7295
14, 7296
14, 7297
14, 7298
14, 7299
35, 7300
35, 7301
35, 7302
35, 7303
36, 7304
36, 7305
36, 7306
36, 7307
16, 7308
16, 7309
16, 7310
16, 7311
37, 7312
37, 7313
37, 7314
37, 7315
55, 7316
55, 7317
55, 7318
55, 7319
64, 7320
64, 7321
64, 7322
64, 7323
18, 7324
18, 7325
18, 7326
18, 7327
60, 7328
60, 7329
60, 7330
60, 7331
0, 7332
0, 7333
0, 7334
0, 7335
21, 7336
21, 7337
21, 7338
21, 7339
48, 7340
48, 7341
48, 7342
48, 7343
39, 7344
39, 7345
39, 7346
39, 7347
25, 7348
25, 7349
25, 7350
25, 7351
26, 7352
26, 7353
26, 7354
26, 7355
27, 7356
27, 7357
27, 7358
27, 7359
28, 7360
28, 7361
28, 7362
28, 7363
1, 7364
1, 7365
1, 7366
1, 7367
50, 7368
50, 7369
50, 7370
50, 7371
5, 7372
5, 7373
5, 7374
5, 7375
31, 7376
31, 7377
31, 7378
31, 7379
56, 7380
56, 7381
56, 7382
56, 7383
40, 7384
40, 7385
40, 7386
40, 7387
63, 7388
63, 7389
63, 7390
63, 7391
32, 7392
32, 7393
32, 7394
32, 7395
7, 7396
7, 7397
7, 7398
7, 7399
10, 7400
10, 7401
10, 7402
10, 7403
12, 7404
12, 7405
12, 7406
12, 7407
15, 7408
15, 7409
15, 7410
15, 7411
47, 7412
47, 7413
47, 7414
47, 7415
14, 7416
14, 7417
14, 7418
14, 7419
35, 7420
35, 7421
35, 7422
35, 7423
36, 7424
36, 7425
36, 7426
36, 7427
16, 7428
16, 7429
16, 7430
16, 7431
43, 7432
43, 7433
43, 7434
43, 7435
37, 7436
37, 7437
37, 7438
37, 7439
55, 7440
55, 7441
55, 7442
55, 7443
64, 7444
64, 7445
64, 7446
64, 7447
18, 7448
18, 7449
18, 7450
18, 7451
60, 7452
60, 7453
60, 7454
60, 7455
21, 7456
21, 7457
21, 7458
21, 7459
48, 7460
48, 7461
48, 7462
48, 7463
39, 7464
39, 7465
39, 7466
39, 7467
25, 7468
25, 7469
25, 7470
25, 7471
26, 7472
26, 7473
26, 7474
26, 7475
27, 7476
27, 7477
27, 7478
27, 7479
28, 7480
28, 7481
28, 7482
28, 7483
1, 7484
1, 7485
1, 7486
1, 7487
50, 7488
50, 7489
50, 7490
50, 7491
5, 7492
5, 7493
5, 7494
5, 7495
31, 7496
31, 7497
31, 7498
31, 7499
56, 7500
56, 7501
56, 7502
56, 7503
40, 7504
40, 7505
40, 7506
40, 7507
54, 7508
54, 7509
54, 7510
54, 7511
32, 7512
32, 7513
32, 7514
32, 7515
7, 7516
7, 7517
7, 7518
7, 7519
10, 7520
10, 7521
10, 7522
10, 7523
12, 7524
12, 7525
12, 7526
12, 7527
15, 7528
15, 7529
15, 7530
15, 7531
47, 7532
47, 7533
47, 7534
47, 7535
14, 7536
14, 7537
14, 7538
14, 7539
16, 7540
16, 7541
16, 7542
16, 7543
35, 7544
35, 7545
35, 7546
35, 7547
36, 7548
36, 7549
36, 7550
36, 7551
43, 7552
43, 7553
43, 7554
43, 7555
37, 7556
37, 7557
37, 7558
37, 7559
55, 7560
55, 7561
55, 7562
55, 7563
64, 7564
64, 7565
64, 7566
64, 7567
18, 7568
18, 7569
18, 7570
18, 7571
60, 7572
60, 7573
60, 7574
60, 7575
21, 7576
21, 7577
21, 7578
21, 7579
27, 7580
27, 7581
27, 7582
27, 7583
48, 7584
48, 7585
48, 7586
48, 7587
39, 7588
39, 7589
39, 7590
39, 7591
25, 7592
25, 7593
25, 7594
25, 7595
26, 7596
26, 7597
26, 7598
26, 7599
28, 7600
28, 7601
28, 7602
28, 7603
1, 7604
1, 7605
1, 7606
1, 7607
50, 7608
50, 7609
50, 7610
50, 7611
5, 7612
5, 7613
5, 7614
5, 7615
31, 7616
31, 7617
31, 7618
31, 7619
56, 7620
56, 7621
56, 7622
56, 7623
40, 7624
40, 7625
40, 7626
40, 7627
54, 7628
54, 7629
54, 7630
54, 7631
32, 7632
32, 7633
32, 7634
32, 7635
7, 7636
7, 7637
7, 7638
7, 7639
10, 7640
10, 7641
10, 7642
10, 7643
12, 7644
12, 7645
12, 7646
12, 7647
15, 7648
15, 7649
15, 7650
15, 7651
47, 7652
47, 7653
47, 7654
47, 7655
14, 7656
14, 7657
14, 7658
14, 7659
16, 7660
16, 7661
16, 7662
16, 7663
35, 7664
35, 7665
35, 7666
35, 7667
36, 7668
36, 7669
36, 7670
36, 7671
43, 7672
43, 7673
43, 7674
43, 7675
37, 7676
37, 7677
37, 7678
37, 7679
55, 7680
55, 7681
55, 7682
55, 7683
64, 7684
64, 7685
64, 7686
64, 7687
18, 7688
18, 7689
18, 7690
18, 7691
60, 7692
60, 7693
60, 7694
60, 7695
62, 7696
62, 7697
62, 7698
62, 7699
21, 7700
21, 7701
21, 7702
21, 7703
27, 7704
27, 7705
27, 7706
27, 7707
48, 7708
48, 7709
48, 7710
48, 7711
39, 7712
39, 7713
39, 7714
39, 7715
23, 7716
23, 7717
23, 7718
23, 7719
25, 7720
25, 7721
25, 7722
25, 7723
26, 7724
26, 7725
26, 7726
26, 7727
28, 7728
28, 7729
28, 7730
28, 7731
1, 7732
1, 7733
1, 7734
1, 7735
50, 7736
50, 7737
50, 7738
50, 7739
5, 7740
5, 7741
5, 7742
5, 7743
31, 7744
31, 7745
31, 7746
31, 7747
56, 7748
56, 7749
56, 7750
56, 7751
40, 7752
40, 7753
40, 7754
40, 7755
54, 7756
54, 7757
54, 7758
54, 7759
32, 7760
32, 7761
32, 7762
32, 7763
7, 7764
7, 7765
7, 7766
7, 7767
10, 7768
10, 7769
10, 7770
10, 7771
12, 7772
12, 7773
12, 7774
12, 7775
15, 7776
15, 7777
15, 7778
15, 7779
47, 7780
47, 7781
47, 7782
47, 7783
14, 7784
14, 7785
14, 7786
14, 7787
16, 7788
16, 7789
16, 7790
16, 7791
35, 7792
35, 7793
35, 7794
35, 7795
36, 7796
36, 7797
36, 7798
36, 7799
43, 7800
43, 7801
43, 7802
43, 7803
37, 7804
37, 7805
37, 7806
37, 7807
55, 7808
55, 7809
55, 7810
55, 7811
64, 7812
64, 7813
64, 7814
64, 7815
18, 7816
18, 7817
18, 7818
18, 7819
60, 7820
60, 7821
60, 7822
60, 7823
21, 7824
21, 7825
21, 7826
21, 7827
48, 7828
48, 7829
48, 7830
48, 7831
39, 7832
39, 7833
39, 7834
39, 7835
23, 7836
23, 7837
23, 7838
23, 7839
25, 7840
25, 7841
25, 7842
25, 7843
26, 7844
26, 7845
26, 7846
26, 7847
28, 7848
28, 7849
28, 7850
28, 7851
