0, 0, 393, 25
1, 0, 566, 25
2, 0, 393, 179
3, 0, 566, 179
4, 0, 950, 69
5, 0, 1127, 69
6, 0, 950, 202
7, 0, 1127, 202
8, 0, 320, 133
9, 0, 443, 133
10, 0, 320, 230
11, 0, 443, 230
12, 0, 293, 451
13, 0, 663, 451
14, 0, 293, 691
15, 0, 663, 691
16, 1, 1439, 33
17, 1, 1468, 33
18, 1, 1439, 92
19, 1, 1468, 92
20, 1, 1304, 131
21, 1, 1342, 131
22, 1, 1304, 196
23, 1, 1342, 196
24, 1, 244, 187
25, 1, 310, 187
26, 1, 244, 233
27, 1, 310, 233
28, 1, 1735, 6
29, 1, 1852, 6
30, 1, 1735, 95
31, 1, 1852, 95
32, 1, 402, 27
33, 1, 595, 27
34, 1, 402, 182
35, 1, 595, 182
36, 1, 942, 93
37, 1, 1144, 93
38, 1, 942, 218
39, 1, 1144, 218
40, 1, 330, 149
41, 1, 445, 149
42, 1, 330, 226
43, 1, 445, 226
44, 1, 1831, 161
45, 1, 1919, 161
46, 1, 1831, 277
47, 1, 1919, 277
48, 1, 1830, 620
49, 1, 1911, 620
50, 1, 1830, 833
51, 1, 1911, 833
52, 1, 1815, 881
53, 1, 1911, 881
54, 1, 1815, 1049
55, 1, 1911, 1049
56, 1, 353, 468
57, 1, 648, 468
58, 1, 353, 699
59, 1, 648, 699
60, 2, 1439, 32
61, 2, 1469, 32
62, 2, 1439, 92
63, 2, 1469, 92
64, 2, 1305, 129
65, 2, 1343, 129
66, 2, 1305, 194
67, 2, 1343, 194
68, 2, 245, 187
69, 2, 313, 187
70, 2, 245, 233
71, 2, 313, 233
72, 2, 1301, 154
73, 2, 1331, 154
74, 2, 1301, 203
75, 2, 1331, 203
76, 2, 1734, 6
77, 2, 1851, 6
78, 2, 1734, 94
79, 2, 1851, 94
80, 2, 402, 28
81, 2, 595, 28
82, 2, 402, 182
83, 2, 595, 182
84, 2, 944, 93
85, 2, 1149, 93
86, 2, 944, 219
87, 2, 1149, 219
88, 2, 330, 149
89, 2, 445, 149
90, 2, 330, 225
91, 2, 445, 225
92, 2, 1830, 161
93, 2, 1918, 161
94, 2, 1830, 277
95, 2, 1918, 277
96, 2, 1830, 620
97, 2, 1911, 620
98, 2, 1830, 831
99, 2, 1911, 831
100, 2, 1814, 877
101, 2, 1912, 877
102, 2, 1814, 1056
103, 2, 1912, 1056
104, 2, 362, 469
105, 2, 684, 469
106, 2, 362, 685
107, 2, 684, 685
108, 3, 1440, 31
109, 3, 1470, 31
110, 3, 1440, 91
111, 3, 1470, 91
112, 3, 1306, 127
113, 3, 1343, 127
114, 3, 1306, 191
115, 3, 1343, 191
116, 3, 245, 187
117, 3, 315, 187
118, 3, 245, 234
119, 3, 315, 234
120, 3, 1734, 6
121, 3, 1851, 6
122, 3, 1734, 94
123, 3, 1851, 94
124, 3, 401, 27
125, 3, 596, 27
126, 3, 401, 182
127, 3, 596, 182
128, 3, 948, 96
129, 3, 1156, 96
130, 3, 948, 220
131, 3, 1156, 220
132, 3, 330, 150
133, 3, 446, 150
134, 3, 330, 225
135, 3, 446, 225
136, 3, 1830, 161
137, 3, 1918, 161
138, 3, 1830, 277
139, 3, 1918, 277
140, 3, 1829, 621
141, 3, 1912, 621
142, 3, 1829, 829
143, 3, 1912, 829
144, 3, 1813, 873
145, 3, 1912, 873
146, 3, 1813, 1058
147, 3, 1912, 1058
148, 3, 373, 460
149, 3, 692, 460
150, 3, 373, 676
151, 3, 692, 676
152, 4, 1440, 32
153, 4, 1471, 32
154, 4, 1440, 90
155, 4, 1471, 90
156, 4, 245, 187
157, 4, 317, 187
158, 4, 245, 235
159, 4, 317, 235
160, 4, 1734, 6
161, 4, 1851, 6
162, 4, 1734, 94
163, 4, 1851, 94
164, 4, 401, 28
165, 4, 596, 28
166, 4, 401, 182
167, 4, 596, 182
168, 4, 955, 98
169, 4, 1164, 98
170, 4, 955, 222
171, 4, 1164, 222
172, 4, 329, 150
173, 4, 447, 150
174, 4, 329, 225
175, 4, 447, 225
176, 4, 1830, 162
177, 4, 1918, 162
178, 4, 1830, 277
179, 4, 1918, 277
180, 4, 203, 585
181, 4, 483, 585
182, 4, 203, 896
183, 4, 483, 896
184, 4, 404, 444
185, 4, 702, 444
186, 4, 404, 672
187, 4, 702, 672
188, 4, 1307, 125
189, 4, 1344, 125
190, 4, 1307, 189
191, 4, 1344, 189
192, 4, 1829, 620
193, 4, 1912, 620
194, 4, 1829, 828
195, 4, 1912, 828
196, 4, 1812, 872
197, 4, 1911, 872
198, 4, 1812, 1057
199, 4, 1911, 1057
200, 5, 1440, 32
201, 5, 1472, 32
202, 5, 1440, 91
203, 5, 1472, 91
204, 5, 245, 186
205, 5, 318, 186
206, 5, 245, 235
207, 5, 318, 235
208, 5, 1733, 6
209, 5, 1851, 6
210, 5, 1733, 94
211, 5, 1851, 94
212, 5, 401, 28
213, 5, 596, 28
214, 5, 401, 182
215, 5, 596, 182
216, 5, 962, 101
217, 5, 1172, 101
218, 5, 962, 224
219, 5, 1172, 224
220, 5, 330, 150
221, 5, 447, 150
222, 5, 330, 225
223, 5, 447, 225
224, 5, 1830, 162
225, 5, 1919, 162
226, 5, 1830, 277
227, 5, 1919, 277
228, 5, 204, 585
229, 5, 480, 585
230, 5, 204, 893
231, 5, 480, 893
232, 5, 420, 439
233, 5, 716, 439
234, 5, 420, 662
235, 5, 716, 662
236, 5, 1308, 123
237, 5, 1345, 123
238, 5, 1308, 187
239, 5, 1345, 187
240, 5, 1829, 619
241, 5, 1912, 619
242, 5, 1829, 827
243, 5, 1912, 827
244, 5, 1811, 871
245, 5, 1910, 871
246, 5, 1811, 1056
247, 5, 1910, 1056
248, 6, 1441, 33
249, 6, 1472, 33
250, 6, 1441, 90
251, 6, 1472, 90
252, 6, 245, 186
253, 6, 319, 186
254, 6, 245, 235
255, 6, 319, 235
256, 6, 1733, 6
257, 6, 1851, 6
258, 6, 1733, 94
259, 6, 1851, 94
260, 6, 401, 28
261, 6, 595, 28
262, 6, 401, 182
263, 6, 595, 182
264, 6, 969, 102
265, 6, 1180, 102
266, 6, 969, 226
267, 6, 1180, 226
268, 6, 330, 151
269, 6, 447, 151
270, 6, 330, 225
271, 6, 447, 225
272, 6, 1830, 162
273, 6, 1919, 162
274, 6, 1830, 277
275, 6, 1919, 277
276, 6, 425, 439
277, 6, 737, 439
278, 6, 425, 654
279, 6, 737, 654
280, 6, 206, 587
281, 6, 478, 587
282, 6, 206, 891
283, 6, 478, 891
284, 6, 1603, 594
285, 6, 1919, 594
286, 6, 1603, 1007
287, 6, 1919, 1007
288, 6, 1309, 121
289, 6, 1346, 121
290, 6, 1309, 185
291, 6, 1346, 185
292, 6, 1829, 618
293, 6, 1912, 618
294, 6, 1829, 826
295, 6, 1912, 826
296, 6, 1810, 870
297, 6, 1909, 870
298, 6, 1810, 1055
299, 6, 1909, 1055
300, 7, 246, 186
301, 7, 319, 186
302, 7, 246, 235
303, 7, 319, 235
304, 7, 1734, 6
305, 7, 1852, 6
306, 7, 1734, 94
307, 7, 1852, 94
308, 7, 401, 28
309, 7, 595, 28
310, 7, 401, 182
311, 7, 595, 182
312, 7, 974, 103
313, 7, 1190, 103
314, 7, 974, 228
315, 7, 1190, 228
316, 7, 330, 150
317, 7, 446, 150
318, 7, 330, 225
319, 7, 446, 225
320, 7, 1830, 162
321, 7, 1919, 162
322, 7, 1830, 277
323, 7, 1919, 277
324, 7, 209, 589
325, 7, 476, 589
326, 7, 209, 890
327, 7, 476, 890
328, 7, 1600, 593
329, 7, 1919, 593
330, 7, 1600, 1009
331, 7, 1919, 1009
332, 7, 460, 428
333, 7, 763, 428
334, 7, 460, 661
335, 7, 763, 661
336, 7, 1310, 119
337, 7, 1347, 119
338, 7, 1310, 183
339, 7, 1347, 183
340, 7, 1829, 617
341, 7, 1912, 617
342, 7, 1829, 825
343, 7, 1912, 825
344, 7, 1809, 869
345, 7, 1908, 869
346, 7, 1809, 1054
347, 7, 1908, 1054
348, 7, 1441, 32
349, 7, 1472, 32
350, 7, 1441, 89
351, 7, 1472, 89
352, 8, 246, 186
353, 8, 319, 186
354, 8, 246, 236
355, 8, 319, 236
356, 8, 1734, 6
357, 8, 1852, 6
358, 8, 1734, 95
359, 8, 1852, 95
360, 8, 401, 27
361, 8, 595, 27
362, 8, 401, 182
363, 8, 595, 182
364, 8, 979, 104
365, 8, 1199, 104
366, 8, 979, 230
367, 8, 1199, 230
368, 8, 330, 150
369, 8, 446, 150
370, 8, 330, 225
371, 8, 446, 225
372, 8, 1830, 162
373, 8, 1919, 162
374, 8, 1830, 277
375, 8, 1919, 277
376, 8, 1598, 593
377, 8, 1919, 593
378, 8, 1598, 1011
379, 8, 1919, 1011
380, 8, 479, 432
381, 8, 759, 432
382, 8, 479, 637
383, 8, 759, 637
384, 8, 1311, 117
385, 8, 1348, 117
386, 8, 1311, 181
387, 8, 1348, 181
388, 8, 1829, 616
389, 8, 1912, 616
390, 8, 1829, 824
391, 8, 1912, 824
392, 8, 1808, 868
393, 8, 1907, 868
394, 8, 1808, 1053
395, 8, 1907, 1053
396, 8, 1441, 31
397, 8, 1472, 31
398, 8, 1441, 88
399, 8, 1472, 88
400, 8, 208, 588
401, 8, 475, 588
402, 8, 208, 889
403, 8, 475, 889
404, 9, 247, 186
405, 9, 319, 186
406, 9, 247, 236
407, 9, 319, 236
408, 9, 1734, 6
409, 9, 1851, 6
410, 9, 1734, 95
411, 9, 1851, 95
412, 9, 402, 28
413, 9, 595, 28
414, 9, 402, 182
415, 9, 595, 182
416, 9, 984, 104
417, 9, 1204, 104
418, 9, 984, 229
419, 9, 1204, 229
420, 9, 331, 151
421, 9, 445, 151
422, 9, 331, 224
423, 9, 445, 224
424, 9, 1829, 162
425, 9, 1919, 162
426, 9, 1829, 277
427, 9, 1919, 277
428, 9, 1598, 592
429, 9, 1919, 592
430, 9, 1598, 1013
431, 9, 1919, 1013
432, 9, 490, 429
433, 9, 778, 429
434, 9, 490, 633
435, 9, 778, 633
436, 9, 1312, 115
437, 9, 1349, 115
438, 9, 1312, 179
439, 9, 1349, 179
440, 9, 1829, 615
441, 9, 1912, 615
442, 9, 1829, 823
443, 9, 1912, 823
444, 9, 1807, 867
445, 9, 1906, 867
446, 9, 1807, 1052
447, 9, 1906, 1052
448, 9, 1441, 30
449, 9, 1472, 30
450, 9, 1441, 87
451, 9, 1472, 87
452, 9, 208, 588
453, 9, 475, 588
454, 9, 208, 889
455, 9, 475, 889
456, 10, 248, 185
457, 10, 321, 185
458, 10, 248, 237
459, 10, 321, 237
460, 10, 1734, 6
461, 10, 1851, 6
462, 10, 1734, 94
463, 10, 1851, 94
464, 10, 402, 28
465, 10, 594, 28
466, 10, 402, 182
467, 10, 594, 182
468, 10, 332, 151
469, 10, 445, 151
470, 10, 332, 225
471, 10, 445, 225
472, 10, 982, 116
473, 10, 1221, 116
474, 10, 982, 235
475, 10, 1221, 235
476, 10, 1829, 162
477, 10, 1919, 162
478, 10, 1829, 276
479, 10, 1919, 276
480, 10, 1599, 593
481, 10, 1919, 593
482, 10, 1599, 1013
483, 10, 1919, 1013
484, 10, 497, 421
485, 10, 796, 421
486, 10, 497, 628
487, 10, 796, 628
488, 10, 1313, 113
489, 10, 1350, 113
490, 10, 1313, 177
491, 10, 1350, 177
492, 10, 1829, 614
493, 10, 1912, 614
494, 10, 1829, 822
495, 10, 1912, 822
496, 10, 1806, 866
497, 10, 1905, 866
498, 10, 1806, 1051
499, 10, 1905, 1051
500, 10, 1441, 29
501, 10, 1472, 29
502, 10, 1441, 86
503, 10, 1472, 86
504, 10, 207, 587
505, 10, 474, 587
506, 10, 207, 888
507, 10, 474, 888
508, 11, 1328, 88
509, 11, 1357, 88
510, 11, 1328, 159
511, 11, 1357, 159
512, 11, 248, 185
513, 11, 322, 185
514, 11, 248, 236
515, 11, 322, 236
516, 11, 326, 156
517, 11, 443, 156
518, 11, 326, 221
519, 11, 443, 221
520, 11, 1734, 6
521, 11, 1851, 6
522, 11, 1734, 95
523, 11, 1851, 95
524, 11, 403, 28
525, 11, 593, 28
526, 11, 403, 181
527, 11, 593, 181
528, 11, 1002, 122
529, 11, 1226, 122
530, 11, 1002, 243
531, 11, 1226, 243
532, 11, 1829, 163
533, 11, 1919, 163
534, 11, 1829, 276
535, 11, 1919, 276
536, 11, 488, 407
537, 11, 818, 407
538, 11, 488, 623
539, 11, 818, 623
540, 11, 207, 591
541, 11, 476, 591
542, 11, 207, 890
543, 11, 476, 890
544, 11, 1598, 592
545, 11, 1919, 592
546, 11, 1598, 1015
547, 11, 1919, 1015
548, 11, 1829, 613
549, 11, 1912, 613
550, 11, 1829, 821
551, 11, 1912, 821
552, 11, 1805, 865
553, 11, 1904, 865
554, 11, 1805, 1050
555, 11, 1904, 1050
556, 11, 1441, 28
557, 11, 1472, 28
558, 11, 1441, 85
559, 11, 1472, 85
560, 12, 1329, 87
561, 12, 1358, 87
562, 12, 1329, 154
563, 12, 1358, 154
564, 12, 249, 185
565, 12, 323, 185
566, 12, 249, 236
567, 12, 323, 236
568, 12, 326, 155
569, 12, 443, 155
570, 12, 326, 221
571, 12, 443, 221
572, 12, 1735, 6
573, 12, 1851, 6
574, 12, 1735, 96
575, 12, 1851, 96
576, 12, 403, 28
577, 12, 592, 28
578, 12, 403, 181
579, 12, 592, 181
580, 12, 1003, 124
581, 12, 1234, 124
582, 12, 1003, 244
583, 12, 1234, 244
584, 12, 507, 402
585, 12, 839, 402
586, 12, 507, 614
587, 12, 839, 614
588, 12, 206, 591
589, 12, 477, 591
590, 12, 206, 890
591, 12, 477, 890
592, 12, 1596, 590
593, 12, 1919, 590
594, 12, 1596, 1018
595, 12, 1919, 1018
596, 12, 1829, 612
597, 12, 1912, 612
598, 12, 1829, 820
599, 12, 1912, 820
600, 12, 1804, 864
601, 12, 1903, 864
602, 12, 1804, 1049
603, 12, 1903, 1049
604, 12, 1441, 27
605, 12, 1472, 27
606, 12, 1441, 84
607, 12, 1472, 84
608, 12, 1829, 163
609, 12, 1919, 163
610, 12, 1829, 276
611, 12, 1919, 276
612, 13, 1332, 85
613, 13, 1361, 85
614, 13, 1332, 149
615, 13, 1361, 149
616, 13, 249, 185
617, 13, 324, 185
618, 13, 249, 236
619, 13, 324, 236
620, 13, 326, 155
621, 13, 442, 155
622, 13, 326, 221
623, 13, 442, 221
624, 13, 1735, 6
625, 13, 1852, 6
626, 13, 1735, 96
627, 13, 1852, 96
628, 13, 403, 28
629, 13, 592, 28
630, 13, 403, 181
631, 13, 592, 181
632, 13, 1013, 125
633, 13, 1243, 125
634, 13, 1013, 244
635, 13, 1243, 244
636, 13, 205, 590
637, 13, 478, 590
638, 13, 205, 890
639, 13, 478, 890
640, 13, 545, 388
641, 13, 854, 388
642, 13, 545, 615
643, 13, 854, 615
644, 13, 1829, 163
645, 13, 1919, 163
646, 13, 1829, 276
647, 13, 1919, 276
648, 13, 1829, 611
649, 13, 1912, 611
650, 13, 1829, 819
651, 13, 1912, 819
652, 13, 1803, 863
653, 13, 1902, 863
654, 13, 1803, 1048
655, 13, 1902, 1048
656, 13, 1440, 26
657, 13, 1471, 26
658, 13, 1440, 83
659, 13, 1471, 83
660, 13, 1596, 590
661, 13, 1919, 590
662, 13, 1596, 1018
663, 13, 1919, 1018
664, 14, 1333, 84
665, 14, 1362, 84
666, 14, 1333, 146
667, 14, 1362, 146
668, 14, 249, 186
669, 14, 324, 186
670, 14, 249, 236
671, 14, 324, 236
672, 14, 1735, 7
673, 14, 1851, 7
674, 14, 1735, 96
675, 14, 1851, 96
676, 14, 403, 27
677, 14, 594, 27
678, 14, 403, 181
679, 14, 594, 181
680, 14, 332, 149
681, 14, 443, 149
682, 14, 332, 225
683, 14, 443, 225
684, 14, 1026, 126
685, 14, 1256, 126
686, 14, 1026, 246
687, 14, 1256, 246
688, 14, 205, 589
689, 14, 481, 589
690, 14, 205, 889
691, 14, 481, 889
692, 14, 553, 381
693, 14, 872, 381
694, 14, 553, 611
695, 14, 872, 611
696, 14, 1829, 163
697, 14, 1919, 163
698, 14, 1829, 276
699, 14, 1919, 276
700, 14, 1829, 610
701, 14, 1912, 610
702, 14, 1829, 818
703, 14, 1912, 818
704, 14, 1802, 862
705, 14, 1901, 862
706, 14, 1802, 1047
707, 14, 1901, 1047
708, 14, 1440, 25
709, 14, 1471, 25
710, 14, 1440, 82
711, 14, 1471, 82
712, 14, 1595, 590
713, 14, 1918, 590
714, 14, 1595, 1018
715, 14, 1918, 1018
716, 15, 1335, 82
717, 15, 1362, 82
718, 15, 1335, 143
719, 15, 1362, 143
720, 15, 249, 186
721, 15, 324, 186
722, 15, 249, 236
723, 15, 324, 236
724, 15, 327, 156
725, 15, 441, 156
726, 15, 327, 220
727, 15, 441, 220
728, 15, 1735, 7
729, 15, 1851, 7
730, 15, 1735, 96
731, 15, 1851, 96
732, 15, 403, 27
733, 15, 595, 27
734, 15, 403, 181
735, 15, 595, 181
736, 15, 1038, 127
737, 15, 1272, 127
738, 15, 1038, 249
739, 15, 1272, 249
740, 15, 205, 588
741, 15, 480, 588
742, 15, 205, 888
743, 15, 480, 888
744, 15, 559, 377
745, 15, 886, 377
746, 15, 559, 608
747, 15, 886, 608
748, 15, 1829, 163
749, 15, 1919, 163
750, 15, 1829, 276
751, 15, 1919, 276
752, 15, 1439, 24
753, 15, 1470, 24
754, 15, 1439, 81
755, 15, 1470, 81
756, 15, 1594, 590
757, 15, 1917, 590
758, 15, 1594, 1018
759, 15, 1917, 1018
760, 16, 1336, 78
761, 16, 1362, 78
762, 16, 1336, 140
763, 16, 1362, 140
764, 16, 250, 186
765, 16, 323, 186
766, 16, 250, 236
767, 16, 323, 236
768, 16, 328, 156
769, 16, 440, 156
770, 16, 328, 220
771, 16, 440, 220
772, 16, 1734, 7
773, 16, 1851, 7
774, 16, 1734, 96
775, 16, 1851, 96
776, 16, 403, 27
777, 16, 594, 27
778, 16, 403, 181
779, 16, 594, 181
780, 16, 1043, 126
781, 16, 1287, 126
782, 16, 1043, 252
783, 16, 1287, 252
784, 16, 1829, 162
785, 16, 1918, 162
786, 16, 1829, 277
787, 16, 1918, 277
788, 16, 1600, 1007
789, 16, 1761, 1007
790, 16, 1600, 1079
791, 16, 1761, 1079
792, 16, 207, 587
793, 16, 479, 587
794, 16, 207, 889
795, 16, 479, 889
796, 16, 550, 373
797, 16, 902, 373
798, 16, 550, 604
799, 16, 902, 604
800, 16, 1438, 23
801, 16, 1469, 23
802, 16, 1438, 80
803, 16, 1469, 80
804, 16, 1593, 590
805, 16, 1916, 590
806, 16, 1593, 1018
807, 16, 1916, 1018
808, 17, 1337, 74
809, 17, 1363, 74
810, 17, 1337, 139
811, 17, 1363, 139
812, 17, 250, 186
813, 17, 323, 186
814, 17, 250, 236
815, 17, 323, 236
816, 17, 1734, 6
817, 17, 1851, 6
818, 17, 1734, 96
819, 17, 1851, 96
820, 17, 404, 27
821, 17, 593, 27
822, 17, 404, 181
823, 17, 593, 181
824, 17, 332, 149
825, 17, 443, 149
826, 17, 332, 226
827, 17, 443, 226
828, 17, 1047, 125
829, 17, 1298, 125
830, 17, 1047, 254
831, 17, 1298, 254
832, 17, 1830, 162
833, 17, 1918, 162
834, 17, 1830, 277
835, 17, 1918, 277
836, 17, 1592, 1011
837, 17, 1757, 1011
838, 17, 1592, 1079
839, 17, 1757, 1079
840, 17, 208, 587
841, 17, 478, 587
842, 17, 208, 890
843, 17, 478, 890
844, 17, 598, 372
845, 17, 920, 372
846, 17, 598, 599
847, 17, 920, 599
848, 17, 1437, 22
849, 17, 1468, 22
850, 17, 1437, 79
851, 17, 1468, 79
852, 17, 1592, 590
853, 17, 1915, 590
854, 17, 1592, 1018
855, 17, 1915, 1018
856, 18, 1338, 71
857, 18, 1364, 71
858, 18, 1338, 138
859, 18, 1364, 138
860, 18, 251, 186
861, 18, 322, 186
862, 18, 251, 235
863, 18, 322, 235
864, 18, 1734, 6
865, 18, 1851, 6
866, 18, 1734, 95
867, 18, 1851, 95
868, 18, 404, 27
869, 18, 592, 27
870, 18, 404, 181
871, 18, 592, 181
872, 18, 332, 149
873, 18, 443, 149
874, 18, 332, 226
875, 18, 443, 226
876, 18, 1060, 128
877, 18, 1319, 128
878, 18, 1060, 265
879, 18, 1319, 265
880, 18, 1589, 1012
881, 18, 1749, 1012
882, 18, 1589, 1079
883, 18, 1749, 1079
884, 18, 208, 585
885, 18, 478, 585
886, 18, 208, 891
887, 18, 478, 891
888, 18, 610, 367
889, 18, 933, 367
890, 18, 610, 594
891, 18, 933, 594
892, 18, 1591, 590
893, 18, 1914, 590
894, 18, 1591, 1018
895, 18, 1914, 1018
896, 18, 1829, 162
897, 18, 1917, 162
898, 18, 1829, 277
899, 18, 1917, 277
900, 19, 1339, 70
901, 19, 1365, 70
902, 19, 1339, 137
903, 19, 1365, 137
904, 19, 251, 188
905, 19, 321, 188
906, 19, 251, 236
907, 19, 321, 236
908, 19, 1734, 6
909, 19, 1851, 6
910, 19, 1734, 95
911, 19, 1851, 95
912, 19, 404, 26
913, 19, 592, 26
914, 19, 404, 181
915, 19, 592, 181
916, 19, 332, 148
917, 19, 442, 148
918, 19, 332, 226
919, 19, 442, 226
920, 19, 1064, 130
921, 19, 1333, 130
922, 19, 1064, 267
923, 19, 1333, 267
924, 19, 1589, 1012
925, 19, 1744, 1012
926, 19, 1589, 1079
927, 19, 1744, 1079
928, 19, 205, 593
929, 19, 491, 593
930, 19, 205, 968
931, 19, 491, 968
932, 19, 618, 363
933, 19, 950, 363
934, 19, 618, 590
935, 19, 950, 590
936, 19, 1829, 162
937, 19, 1917, 162
938, 19, 1829, 277
939, 19, 1917, 277
940, 19, 1590, 590
941, 19, 1913, 590
942, 19, 1590, 1018
943, 19, 1913, 1018
944, 20, 1347, 61
945, 20, 1371, 61
946, 20, 1347, 115
947, 20, 1371, 115
948, 20, 250, 188
949, 20, 321, 188
950, 20, 250, 237
951, 20, 321, 237
952, 20, 1735, 6
953, 20, 1851, 6
954, 20, 1735, 95
955, 20, 1851, 95
956, 20, 404, 25
957, 20, 593, 25
958, 20, 404, 181
959, 20, 593, 181
960, 20, 331, 148
961, 20, 442, 148
962, 20, 331, 226
963, 20, 442, 226
964, 20, 1080, 135
965, 20, 1345, 135
966, 20, 1080, 268
967, 20, 1345, 268
968, 20, 1588, 1008
969, 20, 1740, 1008
970, 20, 1588, 1079
971, 20, 1740, 1079
972, 20, 208, 582
973, 20, 479, 582
974, 20, 208, 893
975, 20, 479, 893
976, 20, 618, 360
977, 20, 971, 360
978, 20, 618, 586
979, 20, 971, 586
980, 20, 1828, 162
981, 20, 1916, 162
982, 20, 1828, 277
983, 20, 1916, 277
984, 20, 1589, 589
985, 20, 1912, 589
986, 20, 1589, 1017
987, 20, 1912, 1017
988, 21, 1347, 60
989, 21, 1373, 60
990, 21, 1347, 117
991, 21, 1373, 117
992, 21, 250, 189
993, 21, 322, 189
994, 21, 250, 239
995, 21, 322, 239
996, 21, 275, 172
997, 21, 340, 172
998, 21, 275, 214
999, 21, 340, 214
1000, 21, 1735, 7
1001, 21, 1850, 7
1002, 21, 1735, 96
1003, 21, 1850, 96
1004, 21, 404, 25
1005, 21, 593, 25
1006, 21, 404, 181
1007, 21, 593, 181
1008, 21, 1097, 140
1009, 21, 1358, 140
1010, 21, 1097, 269
1011, 21, 1358, 269
1012, 21, 1829, 619
1013, 21, 1912, 619
1014, 21, 1829, 827
1015, 21, 1912, 827
1016, 21, 1577, 1002
1017, 21, 1738, 1002
1018, 21, 1577, 1078
1019, 21, 1738, 1078
1020, 21, 208, 583
1021, 21, 479, 583
1022, 21, 208, 894
1023, 21, 479, 894
1024, 21, 647, 362
1025, 21, 1005, 362
1026, 21, 647, 585
1027, 21, 1005, 585
1028, 21, 1827, 162
1029, 21, 1915, 162
1030, 21, 1827, 277
1031, 21, 1915, 277
1032, 21, 1588, 589
1033, 21, 1911, 589
1034, 21, 1588, 1017
1035, 21, 1911, 1017
1036, 22, 1348, 58
1037, 22, 1374, 58
1038, 22, 1348, 120
1039, 22, 1374, 120
1040, 22, 250, 191
1041, 22, 321, 191
1042, 22, 250, 240
1043, 22, 321, 240
1044, 22, 274, 172
1045, 22, 340, 172
1046, 22, 274, 215
1047, 22, 340, 215
1048, 22, 1735, 7
1049, 22, 1851, 7
1050, 22, 1735, 96
1051, 22, 1851, 96
1052, 22, 403, 25
1053, 22, 593, 25
1054, 22, 403, 181
1055, 22, 593, 181
1056, 22, 1109, 144
1057, 22, 1363, 144
1058, 22, 1109, 269
1059, 22, 1363, 269
1060, 22, 1829, 621
1061, 22, 1912, 621
1062, 22, 1829, 828
1063, 22, 1912, 828
1064, 22, 1560, 992
1065, 22, 1736, 992
1066, 22, 1560, 1074
1067, 22, 1736, 1074
1068, 22, 207, 584
1069, 22, 480, 584
1070, 22, 207, 894
1071, 22, 480, 894
1072, 22, 664, 362
1073, 22, 1003, 362
1074, 22, 664, 579
1075, 22, 1003, 579
1076, 22, 1826, 162
1077, 22, 1914, 162
1078, 22, 1826, 277
1079, 22, 1914, 277
1080, 22, 1587, 588
1081, 22, 1910, 588
1082, 22, 1587, 1016
1083, 22, 1910, 1016
1084, 23, 1348, 57
1085, 23, 1375, 57
1086, 23, 1348, 122
1087, 23, 1375, 122
1088, 23, 249, 192
1089, 23, 321, 192
1090, 23, 249, 241
1091, 23, 321, 241
1092, 23, 274, 172
1093, 23, 340, 172
1094, 23, 274, 216
1095, 23, 340, 216
1096, 23, 1735, 8
1097, 23, 1851, 8
1098, 23, 1735, 97
1099, 23, 1851, 97
1100, 23, 403, 25
1101, 23, 593, 25
1102, 23, 403, 180
1103, 23, 593, 180
1104, 23, 1125, 150
1105, 23, 1358, 150
1106, 23, 1125, 265
1107, 23, 1358, 265
1108, 23, 1829, 621
1109, 23, 1913, 621
1110, 23, 1829, 829
1111, 23, 1913, 829
1112, 23, 1523, 985
1113, 23, 1695, 985
1114, 23, 1523, 1068
1115, 23, 1695, 1068
1116, 23, 207, 583
1117, 23, 480, 583
1118, 23, 207, 895
1119, 23, 480, 895
1120, 23, 678, 354
1121, 23, 1011, 354
1122, 23, 678, 558
1123, 23, 1011, 558
1124, 23, 1825, 162
1125, 23, 1913, 162
1126, 23, 1825, 277
1127, 23, 1913, 277
1128, 23, 1586, 587
1129, 23, 1909, 587
1130, 23, 1586, 1015
1131, 23, 1909, 1015
1132, 24, 1346, 56
1133, 24, 1375, 56
1134, 24, 1346, 122
1135, 24, 1375, 122
1136, 24, 249, 193
1137, 24, 320, 193
1138, 24, 249, 242
1139, 24, 320, 242
1140, 24, 273, 172
1141, 24, 341, 172
1142, 24, 273, 216
1143, 24, 341, 216
1144, 24, 1735, 8
1145, 24, 1850, 8
1146, 24, 1735, 96
1147, 24, 1850, 96
1148, 24, 402, 25
1149, 24, 593, 25
1150, 24, 402, 180
1151, 24, 593, 180
1152, 24, 1142, 159
1153, 24, 1413, 159
1154, 24, 1142, 286
1155, 24, 1413, 286
1156, 24, 1829, 621
1157, 24, 1913, 621
1158, 24, 1829, 830
1159, 24, 1913, 830
1160, 24, 1512, 984
1161, 24, 1687, 984
1162, 24, 1512, 1064
1163, 24, 1687, 1064
1164, 24, 206, 583
1165, 24, 480, 583
1166, 24, 206, 895
1167, 24, 480, 895
1168, 24, 687, 351
1169, 24, 1034, 351
1170, 24, 687, 556
1171, 24, 1034, 556
1172, 24, 1824, 162
1173, 24, 1912, 162
1174, 24, 1824, 277
1175, 24, 1912, 277
1176, 25, 1347, 54
1177, 25, 1377, 54
1178, 25, 1347, 116
1179, 25, 1377, 116
1180, 25, 249, 193
1181, 25, 320, 193
1182, 25, 249, 241
1183, 25, 320, 241
1184, 25, 272, 172
1185, 25, 341, 172
1186, 25, 272, 216
1187, 25, 341, 216
1188, 25, 1735, 8
1189, 25, 1851, 8
1190, 25, 1735, 96
1191, 25, 1851, 96
1192, 25, 403, 25
1193, 25, 593, 25
1194, 25, 403, 181
1195, 25, 593, 181
1196, 25, 1148, 157
1197, 25, 1436, 157
1198, 25, 1148, 290
1199, 25, 1436, 290
1200, 25, 1827, 621
1201, 25, 1913, 621
1202, 25, 1827, 831
1203, 25, 1913, 831
1204, 25, 1507, 981
1205, 25, 1675, 981
1206, 25, 1507, 1063
1207, 25, 1675, 1063
1208, 25, 207, 584
1209, 25, 479, 584
1210, 25, 207, 895
1211, 25, 479, 895
1212, 25, 720, 344
1213, 25, 1077, 344
1214, 25, 720, 553
1215, 25, 1077, 553
1216, 25, 1823, 162
1217, 25, 1911, 162
1218, 25, 1823, 277
1219, 25, 1911, 277
1220, 26, 1460, 1
1221, 26, 1476, 1
1222, 26, 1460, 27
1223, 26, 1476, 27
1224, 26, 1348, 51
1225, 26, 1378, 51
1226, 26, 1348, 112
1227, 26, 1378, 112
1228, 26, 270, 171
1229, 26, 341, 171
1230, 26, 270, 217
1231, 26, 341, 217
1232, 26, 1736, 8
1233, 26, 1852, 8
1234, 26, 1736, 97
1235, 26, 1852, 97
1236, 26, 403, 25
1237, 26, 593, 25
1238, 26, 403, 181
1239, 26, 593, 181
1240, 26, 1163, 157
1241, 26, 1451, 157
1242, 26, 1163, 293
1243, 26, 1451, 293
1244, 26, 1826, 621
1245, 26, 1912, 621
1246, 26, 1826, 832
1247, 26, 1912, 832
1248, 26, 1507, 974
1249, 26, 1666, 974
1250, 26, 1507, 1057
1251, 26, 1666, 1057
1252, 26, 207, 584
1253, 26, 480, 584
1254, 26, 207, 894
1255, 26, 480, 894
1256, 26, 750, 348
1257, 26, 1064, 348
1258, 26, 750, 549
1259, 26, 1064, 549
1260, 26, 1822, 162
1261, 26, 1910, 162
1262, 26, 1822, 277
1263, 26, 1910, 277
1264, 26, 248, 193
1265, 26, 319, 193
1266, 26, 248, 241
1267, 26, 319, 241
1268, 27, 1461, 1
1269, 27, 1476, 1
1270, 27, 1461, 27
1271, 27, 1476, 27
1272, 27, 269, 171
1273, 27, 341, 171
1274, 27, 269, 217
1275, 27, 341, 217
1276, 27, 1737, 8
1277, 27, 1853, 8
1278, 27, 1737, 98
1279, 27, 1853, 98
1280, 27, 402, 24
1281, 27, 595, 24
1282, 27, 402, 181
1283, 27, 595, 181
1284, 27, 1181, 162
1285, 27, 1451, 162
1286, 27, 1181, 289
1287, 27, 1451, 289
1288, 27, 1823, 621
1289, 27, 1911, 621
1290, 27, 1823, 834
1291, 27, 1911, 834
1292, 27, 1510, 967
1293, 27, 1660, 967
1294, 27, 1510, 1048
1295, 27, 1660, 1048
1296, 27, 208, 584
1297, 27, 481, 584
1298, 27, 208, 894
1299, 27, 481, 894
1300, 27, 762, 345
1301, 27, 1087, 345
1302, 27, 762, 546
1303, 27, 1087, 546
1304, 27, 1821, 162
1305, 27, 1909, 162
1306, 27, 1821, 277
1307, 27, 1909, 277
1308, 27, 247, 193
1309, 27, 318, 193
1310, 27, 247, 241
1311, 27, 318, 241
1312, 27, 1348, 50
1313, 27, 1378, 50
1314, 27, 1348, 111
1315, 27, 1378, 111
1316, 28, 1461, 1
1317, 28, 1476, 1
1318, 28, 1461, 26
1319, 28, 1476, 26
1320, 28, 269, 172
1321, 28, 341, 172
1322, 28, 269, 218
1323, 28, 341, 218
1324, 28, 1737, 8
1325, 28, 1854, 8
1326, 28, 1737, 98
1327, 28, 1854, 98
1328, 28, 402, 24
1329, 28, 594, 24
1330, 28, 402, 181
1331, 28, 594, 181
1332, 28, 1193, 167
1333, 28, 1490, 167
1334, 28, 1193, 312
1335, 28, 1490, 312
1336, 28, 1821, 621
1337, 28, 1911, 621
1338, 28, 1821, 835
1339, 28, 1911, 835
1340, 28, 1814, 904
1341, 28, 1915, 904
1342, 28, 1814, 1039
1343, 28, 1915, 1039
1344, 28, 1513, 960
1345, 28, 1655, 960
1346, 28, 1513, 1039
1347, 28, 1655, 1039
1348, 28, 208, 584
1349, 28, 481, 584
1350, 28, 208, 894
1351, 28, 481, 894
1352, 28, 1538, 679
1353, 28, 1904, 679
1354, 28, 1538, 1058
1355, 28, 1904, 1058
1356, 28, 760, 340
1357, 28, 1118, 340
1358, 28, 760, 542
1359, 28, 1118, 542
1360, 28, 1820, 162
1361, 28, 1908, 162
1362, 28, 1820, 277
1363, 28, 1908, 277
1364, 28, 246, 193
1365, 28, 317, 193
1366, 28, 246, 241
1367, 28, 317, 241
1368, 28, 1348, 48
1369, 28, 1378, 48
1370, 28, 1348, 109
1371, 28, 1378, 109
1372, 29, 1461, 0
1373, 29, 1476, 0
1374, 29, 1461, 25
1375, 29, 1476, 25
1376, 29, 269, 172
1377, 29, 341, 172
1378, 29, 269, 219
1379, 29, 341, 219
1380, 29, 1737, 7
1381, 29, 1854, 7
1382, 29, 1737, 98
1383, 29, 1854, 98
1384, 29, 403, 24
1385, 29, 594, 24
1386, 29, 403, 181
1387, 29, 594, 181
1388, 29, 1209, 179
1389, 29, 1517, 179
1390, 29, 1209, 317
1391, 29, 1517, 317
1392, 29, 1821, 621
1393, 29, 1911, 621
1394, 29, 1821, 833
1395, 29, 1911, 833
1396, 29, 1728, 820
1397, 29, 1852, 820
1398, 29, 1728, 927
1399, 29, 1852, 927
1400, 29, 1818, 903
1401, 29, 1915, 903
1402, 29, 1818, 1036
1403, 29, 1915, 1036
1404, 29, 1512, 955
1405, 29, 1649, 955
1406, 29, 1512, 1037
1407, 29, 1649, 1037
1408, 29, 207, 584
1409, 29, 480, 584
1410, 29, 207, 895
1411, 29, 480, 895
1412, 29, 792, 335
1413, 29, 1162, 335
1414, 29, 792, 549
1415, 29, 1162, 549
1416, 29, 245, 193
1417, 29, 316, 193
1418, 29, 245, 241
1419, 29, 316, 241
1420, 29, 1348, 46
1421, 29, 1378, 46
1422, 29, 1348, 107
1423, 29, 1378, 107
1424, 30, 268, 172
1425, 30, 342, 172
1426, 30, 268, 219
1427, 30, 342, 219
1428, 30, 404, 25
1429, 30, 592, 25
1430, 30, 404, 181
1431, 30, 592, 181
1432, 30, 1216, 177
1433, 30, 1544, 177
1434, 30, 1216, 322
1435, 30, 1544, 322
1436, 30, 1823, 621
1437, 30, 1911, 621
1438, 30, 1823, 831
1439, 30, 1911, 831
1440, 30, 1726, 817
1441, 30, 1853, 817
1442, 30, 1726, 926
1443, 30, 1853, 926
1444, 30, 1820, 900
1445, 30, 1915, 900
1446, 30, 1820, 1033
1447, 30, 1915, 1033
1448, 30, 1503, 951
1449, 30, 1645, 951
1450, 30, 1503, 1037
1451, 30, 1645, 1037
