1,20,128,28,284,185
6,21,513,1,546,31
7,21,552,1,584,30
8,21,737,74,772,136
9,21,953,127,1008,198
10,21,976,110,1013,174
1,21,127,39,303,195
7,22,549,1,584,29
8,22,739,75,772,138
9,22,952,127,1007,198
10,22,975,110,1013,173
1,22,132,42,314,201
8,23,739,77,772,140
9,23,952,126,1006,196
10,23,973,109,1014,172
1,23,165,67,323,202
8,24,741,80,774,141
9,24,952,126,1005,196
10,24,971,107,1015,171
1,24,163,62,335,211
8,25,743,81,778,140
9,25,951,126,1003,196
10,25,969,107,1017,170
1,25,164,62,344,219
8,26,747,81,783,140
9,26,951,127,999,196
10,26,967,107,1017,170
1,26,169,66,352,226
8,27,750,81,789,142
9,27,950,126,997,195
10,27,966,107,1018,170
1,27,187,72,383,232
8,28,752,82,793,145
9,28,950,126,995,194
10,28,967,107,1018,169
11,28,88,199,134,276
1,28,190,78,395,237
8,29,752,83,796,148
10,29,968,107,1018,168
11,29,88,197,134,276
1,29,196,80,406,245
8,30,755,84,798,151
11,30,89,195,135,275
1,30,202,94,408,255
8,31,758,86,801,154
11,31,90,192,136,272
1,31,222,95,428,264
8,32,761,87,802,156
11,32,102,197,151,278
1,32,225,100,439,272
12,33,522,0,556,32
8,33,772,87,812,146
11,33,104,195,151,277
1,33,229,108,451,278
12,34,522,0,558,30
8,34,773,90,813,147
11,34,105,194,153,275
1,34,253,111,468,284
12,35,523,0,559,30
8,35,775,91,815,149
11,35,106,193,155,275
1,35,258,115,477,288
12,36,525,0,560,29
8,36,779,91,819,150
10,36,930,128,972,192
11,36,107,192,158,275
1,36,269,116,484,319
12,37,526,0,561,28
8,37,782,91,822,149
10,37,929,127,970,191
1,37,270,126,496,321
12,38,527,0,561,27
8,38,784,90,823,150
10,38,929,126,968,188
1,38,291,128,517,326
8,39,786,91,825,148
10,39,915,130,956,194
1,39,295,137,528,331
8,40,789,91,829,149
10,40,913,128,952,193
1,40,304,143,537,335
8,41,791,90,832,149
10,41,910,126,948,190
1,41,316,161,568,350
8,42,792,91,836,151
11,42,115,194,166,268
1,42,318,164,576,354
8,43,788,110,835,173
11,43,116,192,168,270
1,43,314,167,588,362
8,44,789,112,837,174
10,44,903,123,945,187
11,44,118,191,171,273
1,44,301,170,603,368
15,45,541,2,574,40
8,45,791,114,837,174
10,45,902,122,943,185
11,45,121,190,172,274
1,45,290,170,619,376
15,46,528,0,561,40
16,46,542,2,575,44
8,46,793,117,838,173
11,46,143,190,186,279
1,46,328,177,643,380
16,47,544,2,576,47
8,47,813,90,852,148
11,47,144,192,186,279
1,47,348,201,642,407
16,48,545,2,577,48
8,48,814,92,853,147
11,48,144,194,187,279
1,48,396,211,663,412
16,49,549,3,578,48
11,49,145,192,190,279
1,49,411,214,669,422
16,50,551,2,578,47
11,50,146,191,193,278
1,50,429,234,695,443
16,51,553,3,578,47
8,51,818,112,866,172
11,51,150,191,196,277
1,51,441,240,703,450
16,52,554,4,578,47
8,52,821,112,869,172
11,52,154,194,198,277
1,52,452,247,711,456
16,53,554,5,580,48
8,53,821,113,870,175
11,53,158,197,199,276
1,53,472,255,737,459
16,54,555,5,581,49
8,54,821,115,870,181
11,54,161,198,202,277
17,54,75,419,132,489
18,54,108,420,156,486
1,54,480,267,751,479
16,55,556,5,583,51
8,55,821,115,872,189
11,55,163,198,204,279
18,55,109,417,160,491
1,55,498,281,777,480
16,56,558,5,584,52
8,56,821,113,876,193
11,56,164,196,207,278
18,56,108,417,162,497
1,56,511,283,784,492
16,57,560,5,586,53
8,57,821,112,880,194
11,57,165,192,208,277
18,57,106,418,164,501
1,57,524,287,792,498
16,58,561,4,588,53
8,58,821,115,884,190
18,58,104,419,164,502
1,58,543,296,821,499
16,59,562,4,591,54
18,59,101,419,162,503
1,59,551,311,837,523
16,60,564,4,593,56
18,60,97,420,158,505
1,60,570,312,873,535
16,61,565,5,595,59
11,61,191,185,228,266
18,61,95,422,156,507
1,61,586,324,873,534
16,62,566,6,596,61
11,62,191,183,230,266
18,62,95,425,155,508
1,62,600,328,878,544
16,63,568,8,597,63
11,63,191,181,232,267
18,63,96,425,155,508
1,63,613,346,914,567
16,64,570,11,597,65
11,64,193,181,234,267
18,64,95,426,156,508
1,64,633,354,911,569
16,65,571,14,598,66
11,65,195,182,235,267
18,65,95,427,159,511
1,65,646,366,952,571
16,66,573,17,599,66
20,66,854,121,907,184
11,66,196,184,236,267
18,66,96,430,162,514
1,66,655,363,957,571
16,67,580,15,605,65
20,67,852,120,907,186
18,67,97,431,163,519
16,68,581,17,606,66
20,68,852,120,907,186
18,68,108,449,163,528
16,69,582,17,608,66
20,69,852,120,908,185
18,69,109,450,164,530
16,70,583,17,609,66
20,70,853,121,907,184
18,70,111,452,166,532
16,71,585,18,611,64
20,71,855,121,907,182
18,71,112,453,168,533
16,72,587,19,613,64
20,72,856,153,912,212
18,72,113,453,170,534
16,73,589,20,615,64
18,73,113,454,171,534
16,74,591,21,617,66
18,74,112,455,171,535
16,75,594,23,619,68
21,75,834,96,877,150
20,75,862,150,924,219
18,75,111,455,172,534
16,76,596,24,621,69
21,76,831,96,875,151
20,76,881,149,940,215
18,76,110,455,175,535
16,77,598,26,623,69
21,77,827,96,872,150
20,77,882,149,942,216
18,77,112,457,178,537
16,78,601,26,626,68
21,78,824,95,870,149
18,78,114,460,179,541
16,79,603,26,627,68
21,79,823,94,869,149
18,79,116,463,179,545
16,80,605,27,630,68
21,80,825,93,869,149
20,80,886,150,946,222
18,80,117,464,179,547
16,81,608,27,632,69
21,81,825,91,867,147
23,81,237,161,275,233
20,81,889,152,946,224
18,81,116,466,180,548
16,82,606,28,636,82
21,82,824,90,866,145
23,82,240,162,277,232
20,82,893,154,949,226
18,82,134,472,202,552
16,83,608,28,636,84
21,83,824,89,863,143
20,83,897,157,951,227
18,83,134,473,201,555
16,84,610,29,637,84
21,84,822,88,862,142
20,84,901,160,955,228
18,84,134,472,200,557
16,85,612,31,638,85
21,85,820,87,860,140
20,85,903,165,957,229
18,85,140,487,203,572
16,86,613,33,639,87
21,86,818,88,858,141
20,86,906,169,960,230
18,86,140,487,205,575
24,86,843,398,1019,526
16,87,613,35,639,89
21,87,816,89,857,141
20,87,906,172,962,231
18,87,142,488,208,575
24,87,834,396,1019,531
16,88,621,31,648,93
21,88,812,89,857,142
25,88,261,164,304,236
18,88,146,491,212,575
24,88,826,395,1020,541
16,89,621,30,650,93
21,89,809,88,856,141
25,89,264,164,305,235
20,89,925,165,978,224
18,89,148,494,216,575
24,89,818,394,1023,545
16,90,621,33,652,94
21,90,807,88,854,141
25,90,267,159,309,236
20,90,925,165,980,226
18,90,150,496,220,575
24,90,812,393,1023,545
16,91,622,34,654,94
21,91,807,86,852,139
25,91,270,156,313,236
18,91,151,497,223,575
24,91,809,393,1022,544
16,92,624,34,657,93
21,92,809,85,850,137
25,92,273,154,317,235
18,92,152,498,225,575
24,92,806,394,1022,543
16,93,626,34,659,92
21,93,801,82,840,134
25,93,277,155,319,235
18,93,153,499,225,575
24,93,765,383,1019,561
16,94,629,35,661,92
21,94,801,82,839,136
25,94,280,156,320,233
18,94,154,501,225,575
24,94,761,385,1020,559
16,95,631,35,664,93
21,95,799,81,837,137
20,95,932,184,990,257
18,95,155,503,225,575
24,95,760,385,1021,555
16,96,634,36,666,94
21,96,796,79,835,137
20,96,935,185,993,257
18,96,172,512,245,575
24,96,754,385,1021,551
16,97,637,37,669,93
21,97,793,77,834,136
18,97,174,515,244,575
24,97,748,383,1019,547
16,98,640,38,671,92
21,98,791,77,833,135
18,98,176,517,243,575
24,98,742,378,1015,547
16,99,642,39,672,92
21,99,790,79,832,134
18,99,177,518,245,575
24,99,738,372,1012,548
16,100,644,39,674,93
21,100,789,79,832,133
18,100,177,519,249,575
24,100,736,369,1010,549
16,101,646,41,675,96
21,101,788,78,831,132
18,101,179,520,250,575
24,101,711,373,1000,547
16,102,648,44,678,100
21,102,787,76,829,132
18,102,180,522,250,575
24,102,707,372,993,547
16,103,649,46,680,104
21,103,786,75,828,132
28,103,312,147,361,222
20,103,974,183,1020,259
18,103,182,523,247,574
29,103,315,121,432,240
24,103,701,370,986,546
16,104,649,48,681,106
21,104,785,74,826,134
28,104,315,145,362,224
20,104,974,184,1021,259
18,104,185,525,245,572
29,104,318,122,431,242
24,104,694,371,984,546
16,105,658,47,688,108
21,105,783,72,824,133
28,105,318,144,364,225
20,105,975,183,1021,262
18,105,189,527,247,570
29,105,321,124,429,241
24,105,687,372,985,544
16,106,657,48,690,112
21,106,782,71,823,132
28,106,322,143,367,225
20,106,977,180,1023,265
18,106,194,529,249,570
29,106,325,124,427,238
24,106,684,372,985,542
16,107,657,51,691,114
21,107,782,71,822,130
28,107,325,142,369,223
20,107,980,179,1023,267
29,107,326,125,425,235
24,107,686,372,982,540
16,108,658,54,692,114
21,108,780,72,822,129
28,108,320,123,366,199
29,108,330,132,414,223
24,108,683,358,953,513
16,109,659,56,694,113
21,109,777,74,820,128
28,109,320,120,369,197
29,109,330,134,413,223
24,109,677,361,947,510
16,110,661,56,697,113
21,110,774,75,818,127
28,110,321,118,372,195
29,110,329,134,413,223
24,110,667,361,941,511
16,111,664,57,700,112
21,111,772,75,816,126
28,111,321,116,373,193
29,111,330,135,412,222
24,111,659,360,935,512
16,112,668,57,702,112
21,112,771,75,815,124
29,112,333,134,411,222
24,112,645,360,917,504
16,113,673,59,705,112
29,113,335,119,400,197
24,113,641,360,914,502
16,114,676,59,708,113
29,114,337,117,395,193
28,114,329,84,421,223
24,114,634,360,910,501
16,115,679,58,710,113
21,115,763,58,798,107
28,115,319,91,368,156
29,115,340,117,393,191
24,115,625,359,904,502
16,116,679,57,712,113
21,116,762,58,797,108
28,116,319,91,369,157
29,116,343,117,393,192
24,116,617,357,900,504
16,117,680,55,713,114
21,117,760,57,796,107
28,117,319,90,370,157
29,117,345,115,395,192
24,117,608,362,877,494
16,118,679,54,715,114
21,118,758,57,794,107
28,118,319,89,371,157
29,118,347,114,397,191
24,118,603,362,873,494
16,119,681,55,717,115
21,119,754,55,791,108
29,119,350,113,398,190
24,119,596,361,866,495
16,120,684,57,718,116
21,120,751,56,788,109
29,120,354,114,400,192
24,120,588,360,859,495
16,121,687,59,719,116
21,121,697,67,736,129
29,121,355,114,402,192
24,121,580,359,856,496
21,122,745,57,784,109
16,122,695,66,734,128
29,122,358,114,403,190
24,122,572,363,837,489
21,123,742,57,783,109
16,123,697,66,734,127
29,123,360,114,404,187
24,123,565,363,837,488
21,124,740,57,782,110
16,124,698,66,736,127
29,124,364,114,405,186
24,124,558,362,833,487
21,125,738,58,781,111
16,125,700,67,740,128
29,125,367,113,407,185
24,125,550,362,828,488
21,126,735,59,781,111
16,126,703,68,747,129
29,126,378,119,420,191
24,126,542,362,822,489
21,127,732,59,781,111
16,127,704,68,753,130
29,127,380,115,422,187
24,127,535,362,820,490
16,128,706,67,758,132
29,128,383,112,425,184
24,128,526,365,800,487
16,129,707,66,758,132
29,129,386,109,427,182
24,129,520,365,796,486
16,130,709,65,759,135
29,130,389,106,430,181
24,130,512,366,790,486
16,131,710,65,758,134
29,131,392,104,434,182
24,131,503,367,784,487
16,132,711,63,760,135
29,132,395,103,437,183
24,132,494,367,782,489
16,133,714,63,761,133
29,133,398,103,440,182
24,133,484,369,764,490
16,134,715,65,760,133
29,134,400,103,441,180
24,134,480,369,757,491
16,135,716,66,759,133
29,135,402,103,442,177
24,135,473,370,749,493
16,136,718,68,758,132
29,136,404,102,444,177
24,136,464,371,742,496
16,137,719,68,757,130
29,137,417,106,459,180
24,137,452,371,742,499
16,138,721,69,758,130
29,138,420,103,460,179
24,138,442,374,718,501
33,139,498,2,550,37
16,139,722,69,759,129
29,139,423,101,461,178
24,139,435,373,710,505
16,140,722,70,759,128
29,140,426,101,464,176
35,140,1009,156,1023,231
24,140,425,373,703,508
36,141,722,61,758,110
16,141,735,74,770,134
29,141,427,102,466,175
35,141,1004,157,1023,233
24,141,415,373,702,511
36,142,719,59,758,110
16,142,735,75,770,135
29,142,429,101,469,175
35,142,1000,157,1023,236
24,142,406,378,682,520
36,143,717,57,758,108
16,143,736,76,770,135
29,143,431,100,471,176
37,143,983,111,1019,174
35,143,999,156,1023,237
24,143,397,379,676,523
38,144,510,3,550,38
36,144,716,54,757,105
16,144,736,77,771,138
29,144,433,100,475,176
37,144,986,111,1019,175
35,144,999,154,1023,239
24,144,386,378,668,527
38,145,513,3,551,40
16,145,736,79,772,143
29,145,436,99,480,177
35,145,1000,152,1023,240
24,145,377,380,661,530
38,146,517,2,554,41
16,146,736,78,775,149
29,146,439,99,484,177
35,146,1000,150,1023,240
24,146,363,383,641,536
38,147,520,2,556,43
16,147,737,78,778,151
29,147,441,98,487,176
35,147,998,149,1023,239
24,147,355,387,631,540
38,148,522,2,560,46
16,148,739,78,782,151
29,148,442,98,489,175
35,148,994,148,1023,239
24,148,346,390,621,546
38,149,523,3,562,47
36,149,705,48,743,96
16,149,742,80,785,151
29,149,443,99,490,175
35,149,991,148,1023,241
24,149,326,392,605,553
38,150,523,3,563,47
36,150,702,46,741,94
16,150,746,81,789,151
29,150,443,101,491,174
35,150,989,149,1023,239
42,150,920,405,1023,549
24,150,316,394,600,558
38,151,524,2,565,48
36,151,700,45,741,93
16,151,750,82,791,152
29,151,458,105,504,178
35,151,987,150,1023,235
42,151,908,402,1023,549
24,151,308,394,589,563
38,152,525,0,565,48
36,152,699,45,742,92
16,152,753,84,793,152
29,152,462,103,506,177
35,152,986,150,1023,231
42,152,894,398,1023,547
24,152,302,394,579,567
38,153,527,0,566,50
36,153,699,45,741,91
16,153,757,85,794,153
29,153,465,100,507,176
35,153,984,117,1019,185
42,153,882,395,1023,544
24,153,280,402,562,575
38,154,528,1,565,52
36,154,698,45,741,91
16,154,759,86,795,154
29,154,467,97,507,176
35,154,984,118,1018,185
42,154,848,387,1023,536
24,154,270,406,556,575
38,155,538,6,576,56
36,155,697,46,740,93
16,155,763,87,797,153
29,155,470,94,509,176
35,155,983,120,1017,185
42,155,837,378,1023,538
24,155,260,409,548,575
38,156,539,8,577,58
36,156,695,46,739,93
16,156,765,88,798,152
29,156,473,92,512,177
35,156,981,119,1017,185
42,156,823,373,1023,541
24,156,240,411,530,575
38,157,540,10,579,59
36,157,692,45,738,93
16,157,765,88,800,152
29,157,476,91,516,178
35,157,980,119,1016,186
24,157,231,415,521,575
38,158,542,12,581,61
36,158,690,44,736,91
29,158,478,92,520,177
35,158,978,117,1016,188
24,158,220,419,514,574
38,159,544,10,583,62
29,159,480,94,523,177
35,159,977,116,1015,187
24,159,192,427,493,573
38,160,547,8,586,65
36,160,685,38,724,85
29,160,481,95,526,176
35,160,975,113,1015,188
24,160,187,431,485,572
38,161,549,6,589,68
36,161,684,37,723,84
29,161,482,96,527,176
35,161,975,112,1014,188
24,161,185,435,475,572
38,162,552,7,591,70
36,162,682,35,722,85
29,162,484,97,529,175
16,162,779,106,817,175
35,162,974,113,1014,187
24,162,182,439,469,574
38,163,555,9,592,71
36,163,680,34,721,86
29,163,497,84,534,165
16,163,779,106,819,176
35,163,974,115,1013,187
42,163,720,311,994,531
24,163,151,449,445,570
38,164,557,11,594,70
36,164,678,32,719,87
29,164,499,84,535,167
16,164,780,106,822,177
35,164,974,117,1013,187
24,164,186,457,419,571
42,164,706,307,1000,531
38,165,559,14,595,69
36,165,678,30,717,86
29,165,502,85,537,166
16,165,781,106,825,178
35,165,973,117,1012,188
24,165,186,464,408,570
42,165,704,288,992,494
38,166,562,16,596,67
36,166,678,29,715,84
29,166,505,85,540,165
16,166,784,107,827,178
35,166,973,118,1012,187
24,166,188,478,404,575
42,166,690,287,988,488
38,167,566,18,597,66
29,167,509,83,543,167
16,167,787,107,829,177
35,167,975,116,1013,181
42,167,668,282,961,488
38,168,568,18,599,66
36,168,675,25,704,68
29,168,513,82,547,169
16,168,789,108,830,176
35,168,956,149,1006,223
42,168,657,273,954,487
38,169,569,18,600,67
36,169,674,25,702,68
29,169,516,83,552,168
16,169,792,108,831,176
35,169,955,149,1004,223
42,169,640,261,915,450
38,170,570,19,601,67
36,170,672,25,700,67
29,170,520,84,557,167
16,170,794,107,832,176
35,170,953,148,1004,223
42,170,626,259,909,440
38,171,581,20,610,64
36,171,671,26,697,67
29,171,523,86,560,165
16,171,796,107,833,176
35,171,950,147,1002,223
42,171,615,256,899,430
38,172,580,20,612,66
36,172,668,32,698,81
29,172,526,88,563,164
16,172,798,107,834,175
35,172,948,147,1001,223
42,172,596,248,874,426
38,173,582,21,613,68
36,173,666,32,697,81
29,173,528,90,564,163
16,173,799,110,836,177
35,173,946,146,999,221
42,173,584,234,865,408
38,174,584,21,615,69
36,174,666,24,693,66
29,174,521,100,570,173
16,174,801,112,837,179
35,174,944,145,998,220
42,174,568,228,865,406
38,175,588,21,618,68
36,175,664,24,692,65
29,175,534,104,581,173
16,175,802,115,840,182
35,175,970,108,1017,170
42,175,557,221,831,401
38,176,591,21,621,69
36,176,663,24,690,64
29,176,537,101,580,171
16,176,811,115,852,180
35,176,968,107,1017,171
42,176,544,217,824,393
38,177,594,21,623,69
29,177,544,91,576,161
16,177,811,118,854,182
35,177,968,107,1017,172
42,177,529,216,795,384
38,178,597,22,625,69
29,178,548,91,578,160
16,178,811,120,855,183
35,178,968,106,1017,171
42,178,514,210,790,381
38,179,600,22,627,68
29,179,552,92,581,161
16,179,812,122,856,183
35,179,968,106,1015,169
42,179,512,199,773,364
38,180,603,23,630,68
29,180,551,99,586,169
16,180,814,122,857,184
35,180,968,106,1014,169
42,180,492,192,749,360
38,181,602,30,632,82
29,181,555,98,592,170
16,181,817,122,859,185
35,181,968,107,1013,170
42,181,480,186,739,353
38,182,640,25,666,60
46,182,605,33,636,84
29,182,558,99,596,172
16,182,821,121,861,187
35,182,969,107,1013,171
42,182,472,183,728,346
38,183,635,24,663,61
46,183,607,35,639,85
29,183,560,99,599,173
16,183,825,121,864,189
35,183,948,125,992,196
42,183,456,178,699,342
38,184,633,22,663,62
46,184,609,38,641,86
29,184,563,100,601,174
16,184,829,121,867,188
35,184,948,124,992,195
42,184,466,187,683,326
38,185,631,20,663,63
46,185,609,41,643,88
29,185,565,102,603,175
16,185,832,119,869,186
35,185,947,123,992,194
42,185,464,189,672,318
38,186,631,18,664,64
46,186,622,33,659,86
29,186,567,105,604,175
16,186,835,118,871,184
35,186,945,122,991,195
42,186,430,167,643,308
38,187,630,17,663,64
46,187,621,33,658,85
29,187,575,105,616,177
16,187,837,116,873,184
35,187,944,121,989,195
42,187,421,166,635,302
38,188,630,18,661,64
46,188,622,34,656,85
29,188,578,102,615,174
16,188,837,116,875,189
48,188,974,108,1014,168
35,188,937,144,978,217
42,188,373,153,625,295
38,189,630,18,659,66
46,189,621,33,656,86
29,189,581,101,616,173
16,189,837,117,878,194
48,189,975,108,1014,168
35,189,937,143,978,216
42,189,387,151,604,287
38,190,629,18,659,67
29,190,583,100,618,172
16,190,835,120,880,199
48,190,977,108,1014,168
35,190,937,142,976,215
42,190,380,136,592,273
46,191,624,32,660,88
29,191,586,99,622,173
16,191,834,122,882,199
35,191,937,142,974,214
42,191,373,132,585,269
46,192,627,32,662,87
29,192,589,97,627,174
16,192,836,125,882,196
35,192,936,142,973,213
42,192,357,124,564,264
46,193,631,32,663,87
29,193,592,97,632,176
16,193,836,128,883,195
48,193,981,112,1013,164
35,193,935,141,971,213
42,193,353,118,555,255
46,194,634,30,665,89
29,194,594,99,637,178
16,194,852,130,892,188
48,194,981,114,1013,163
35,194,935,141,970,213
42,194,351,115,545,246
46,195,636,29,666,90
29,195,596,101,642,180
48,195,981,114,1013,163
16,195,855,147,894,208
35,195,934,141,970,212
42,195,354,116,533,237
38,196,628,17,659,74
46,196,637,29,669,93
29,196,597,101,647,182
48,196,981,113,1013,163
16,196,854,147,895,210
35,196,933,141,969,213
42,196,319,95,517,225
38,197,627,18,657,72
46,197,639,33,672,96
29,197,599,101,649,183
48,197,982,113,1013,162
16,197,855,147,897,210
49,197,932,140,969,214
42,197,310,92,508,221
38,198,625,19,656,70
46,198,639,35,675,100
29,198,609,103,661,189
48,198,982,113,1013,162
16,198,857,146,898,209
49,198,931,139,969,214
42,198,292,83,484,215
38,199,623,21,655,68
46,199,639,38,675,101
29,199,612,100,660,185
48,199,983,113,1013,161
16,199,860,145,900,209
49,199,931,138,969,216
42,199,289,77,477,208
46,200,640,40,676,105
29,200,629,69,667,161
48,200,984,112,1013,161
16,200,863,145,902,210
49,200,931,139,968,217
42,200,286,72,467,202
46,201,642,44,677,108
29,201,660,50,686,105
48,201,984,112,1014,161
16,201,865,144,904,212
49,201,931,139,968,217
42,201,285,68,455,202
29,202,661,49,687,109
46,202,631,59,672,167
48,202,984,112,1014,161
16,202,867,144,906,213
49,202,931,141,968,216
42,202,250,62,437,181
38,203,610,5,639,51
29,203,661,50,688,111
46,203,634,59,675,169
48,203,983,112,1014,162
16,203,867,146,908,214
49,203,931,142,968,215
42,203,245,60,437,181
38,204,609,5,639,52
29,204,661,51,690,114
46,204,636,62,677,170
48,204,983,112,1014,162
16,204,867,146,910,215
49,204,931,143,968,214
42,204,239,58,434,180
38,205,607,6,639,51
29,205,662,54,692,114
46,205,638,66,680,169
48,205,983,112,1014,162
16,205,868,147,913,217
49,205,931,142,967,213
42,205,235,55,425,178
38,206,606,7,638,50
29,206,664,55,696,113
46,206,639,69,683,170
48,206,983,111,1015,162
16,206,868,147,916,218
49,206,931,141,967,213
42,206,234,50,414,173
38,207,606,8,638,50
29,207,668,55,702,111
46,207,634,97,682,180
48,207,982,112,1015,162
16,207,869,149,918,220
49,207,931,140,967,213
42,207,214,44,395,159
38,208,606,8,638,50
29,208,673,55,708,110
46,208,657,61,704,152
48,208,982,112,1015,162
16,208,870,151,922,220
49,208,931,139,968,212
42,208,206,39,389,153
38,209,606,9,637,50
29,209,676,56,712,109
46,209,660,63,707,155
48,209,981,111,1015,162
16,209,870,153,925,223
49,209,903,145,953,212
42,209,189,32,385,136
38,210,603,8,635,50
29,210,677,56,714,109
46,210,663,63,710,159
48,210,931,128,966,191
50,210,981,111,1015,162
16,210,869,154,927,225
49,210,898,145,951,214
42,210,174,32,360,128
38,211,598,8,632,51
29,211,678,56,716,110
46,211,664,63,714,165
48,211,931,128,966,191
50,211,981,111,1015,162
16,211,869,154,927,226
49,211,899,146,951,214
42,211,170,26,348,124
38,212,595,9,629,52
46,212,665,64,716,168
48,212,931,128,965,190
50,212,982,111,1015,162
49,212,903,145,952,213
42,212,163,20,336,119
38,213,593,10,626,51
46,213,656,94,708,186
48,213,931,129,964,189
50,213,982,111,1015,162
49,213,906,144,954,212
42,213,143,15,316,112
29,213,643,49,734,188
38,214,593,11,625,50
46,214,669,66,720,170
48,214,932,128,963,186
50,214,982,111,1015,162
49,214,906,143,954,211
42,214,137,10,312,107
38,215,592,11,623,48
46,215,672,68,722,171
29,215,693,64,736,141
48,215,932,128,963,185
50,215,982,111,1015,163
49,215,904,143,954,212
42,215,127,8,308,103
38,216,591,12,622,48
29,216,695,64,735,141
46,216,668,92,717,184
48,216,932,127,963,183
50,216,982,111,1016,164
49,216,904,141,953,214
42,216,113,9,306,88
38,217,590,12,620,47
29,217,698,66,737,141
46,217,671,94,720,184
48,217,932,126,964,182
50,217,982,110,1016,165
49,217,904,141,955,217
42,217,108,10,299,85
29,218,699,68,738,140
46,218,673,98,723,187
48,218,932,126,966,182
50,218,982,110,1017,166
49,218,904,142,957,219
42,218,106,9,264,82
29,219,700,70,739,143
46,219,674,100,726,191
48,219,931,125,967,183
50,219,982,110,1016,166
49,219,905,143,959,219
42,219,101,6,253,77
38,220,588,10,618,45
29,220,701,72,740,148
46,220,676,102,729,195
50,220,983,110,1016,166
49,220,907,144,958,218
42,220,97,5,245,72
42,221,116,11,233,65
38,221,587,11,618,45
29,221,702,73,742,154
46,221,678,104,730,195
50,221,983,110,1016,167
49,221,909,145,957,218
42,222,116,9,227,62
38,222,585,11,617,45
29,222,705,76,746,155
50,222,989,92,1018,151
46,222,688,103,741,202
49,222,909,146,957,220
42,223,115,8,222,58
38,223,583,10,615,45
29,223,708,78,750,155
50,223,989,92,1018,151
46,223,690,106,742,201
48,223,916,127,952,195
49,223,907,147,958,223
52,224,103,8,199,52
29,224,710,79,753,156
50,224,989,92,1019,152
46,224,692,107,745,198
49,224,906,148,958,225
52,225,104,5,195,47
29,225,712,80,755,157
50,225,989,93,1019,152
46,225,697,104,748,191
48,225,912,126,949,193
49,225,906,149,958,225
50,226,989,94,1020,151
46,226,703,99,752,186
48,226,911,128,948,191
49,226,909,151,957,224
46,227,717,79,757,162
48,227,911,131,948,190
49,227,911,154,957,223
46,228,718,79,759,164
48,228,909,133,948,190
49,228,911,154,958,219
46,229,712,92,759,184
48,229,909,133,947,191
49,229,911,151,957,215
46,230,713,95,762,186
48,230,907,132,946,191
46,231,737,80,771,143
50,231,989,92,1019,151
29,231,714,98,764,188
48,231,906,131,945,190
46,232,737,81,772,144
50,232,989,92,1019,151
29,232,716,101,765,189
48,232,905,130,944,190
46,233,738,82,773,144
50,233,988,92,1019,151
29,233,718,106,766,191
48,233,904,128,943,189
46,234,739,83,775,144
50,234,988,92,1019,151
29,234,720,109,766,190
48,234,903,128,942,189
46,235,732,108,779,198
48,235,903,126,941,188
49,235,943,183,994,259
46,236,734,107,783,199
48,236,903,125,940,189
49,236,947,184,997,258
53,237,558,1,593,36
46,237,736,108,788,199
48,237,901,123,939,188
49,237,950,185,1000,259
53,238,557,0,591,35
46,238,740,109,791,196
48,238,901,123,939,188
49,238,952,186,1003,260
46,239,745,108,795,193
48,239,900,123,938,187
49,239,973,185,1012,267
46,240,749,108,798,192
48,240,899,124,937,187
49,240,974,183,1013,266
46,241,751,106,800,191
48,241,898,124,936,187
49,241,977,181,1015,266
46,242,753,107,802,191
48,242,897,125,935,188
49,242,979,180,1018,268
46,243,754,107,805,193
48,243,896,125,935,187
49,243,980,180,1020,271
46,244,755,107,808,196
48,244,876,126,920,175
49,244,982,180,1022,273
46,245,774,92,814,145
48,245,875,123,920,175
49,245,984,182,1023,274
46,246,775,94,812,146
48,246,875,121,920,175
49,246,987,183,1023,273
46,247,777,96,812,147
48,247,874,120,919,175
49,247,987,185,1023,273
46,248,780,97,814,147
48,248,874,120,919,175
49,248,988,186,1023,273
46,249,782,98,816,147
48,249,890,128,929,188
49,249,988,190,1023,276
46,250,783,98,818,147
48,250,877,123,916,175
46,251,785,98,820,145
48,251,878,122,914,175
49,251,994,195,1023,278
46,252,788,116,831,187
48,252,878,121,913,175
46,253,790,116,834,188
48,253,878,118,912,176
49,253,1002,198,1023,278
46,254,790,117,836,189
48,254,878,116,912,176
54,255,520,1,563,27
48,255,878,112,911,176
54,256,519,1,562,27
48,256,876,111,910,175
54,257,517,2,560,27
46,257,791,114,841,188
48,257,873,110,908,174
46,258,793,116,842,188
48,258,870,111,907,174
46,259,796,116,844,187
48,259,867,109,906,174
54,260,512,1,557,27
46,260,815,120,864,190
48,260,865,110,906,176
54,261,510,0,558,28
46,261,814,119,866,192
48,261,863,111,907,177
54,262,509,0,557,28
46,262,814,117,870,192
48,262,861,113,906,179
54,263,508,0,555,28
46,263,816,116,870,193
48,263,859,111,904,180
54,264,508,0,554,26
54,265,507,0,553,26
54,266,506,0,553,26
54,267,505,0,553,26
55,267,1008,160,1023,238
54,268,503,0,551,26
55,268,1005,159,1023,235
54,269,501,1,552,25
56,269,985,110,1019,178
55,269,1001,157,1023,233
46,270,856,88,888,140
56,270,986,111,1020,182
55,270,997,154,1023,231
46,271,855,87,887,137
56,271,988,113,1020,186
55,271,993,154,1023,228
46,272,855,86,887,135
56,272,988,116,1021,184
55,272,989,156,1023,225
46,273,854,85,887,134
56,273,987,118,1021,183
55,273,985,157,1023,225
46,274,853,85,887,134
55,274,983,158,1023,226
46,275,854,84,886,134
55,275,980,156,1023,229
46,276,844,91,877,140
58,276,860,154,902,220
55,276,978,155,1023,230
46,277,843,89,876,139
58,277,855,114,902,181
59,277,860,158,907,222
55,277,977,153,1022,232
46,278,843,88,876,138
58,278,855,113,904,180
59,278,861,159,912,223
55,278,976,151,1020,231
46,279,842,86,875,136
58,279,855,112,904,182
59,279,863,155,916,224
55,279,976,149,1018,228
46,280,840,87,874,136
58,280,852,111,904,183
55,280,979,119,1014,183
59,280,864,151,919,222
46,281,839,87,872,137
58,281,851,111,904,184
55,281,977,120,1013,185
59,281,865,148,920,220
46,282,837,87,871,138
58,282,852,113,904,184
55,282,974,119,1013,188
59,282,865,149,919,219
46,283,835,85,869,138
58,283,855,115,905,184
55,283,970,143,1010,217
46,284,833,81,867,138
58,284,859,116,908,183
55,284,971,115,1013,191
46,285,831,80,865,138
55,285,972,113,1013,191
46,286,829,78,863,138
55,286,973,112,1013,189
46,287,828,79,861,139
55,287,973,111,1013,185
59,287,899,155,952,223
46,288,827,79,859,139
55,288,974,110,1014,180
59,288,899,157,953,224
46,289,827,78,858,139
55,289,975,110,1014,175
59,289,900,160,953,225
46,290,826,76,857,138
59,290,902,161,955,225
55,290,943,144,985,212
46,291,824,75,857,137
55,291,948,129,992,197
59,291,904,161,956,225
46,292,829,63,853,110
55,292,946,130,989,197
59,292,904,160,957,225
46,293,827,63,852,110
55,293,942,129,986,196
59,293,903,160,958,225
46,294,825,62,851,111
59,294,902,156,959,225
46,295,824,61,849,111
59,295,899,152,958,222
46,296,822,60,847,112
59,296,896,149,957,220
46,297,821,60,846,111
59,297,895,147,955,217
46,298,820,60,846,111
55,298,932,129,969,191
59,298,897,146,955,216
46,299,820,59,845,110
55,299,933,130,967,187
59,299,902,146,956,214
46,300,820,59,845,108
55,300,932,130,967,184
59,300,902,147,958,212
46,301,801,72,838,130
59,301,901,147,958,212
46,302,800,71,838,132
59,302,899,144,958,213
46,303,800,71,836,132
59,303,899,140,957,215
46,304,800,71,835,133
59,304,901,138,957,216
46,305,800,71,834,133
59,305,901,138,957,216
46,306,798,70,833,133
55,306,902,126,948,196
46,307,797,70,832,133
55,307,900,126,945,194
60,307,974,191,1011,265
46,308,797,72,831,133
55,308,898,125,942,193
60,308,977,191,1013,264
46,309,797,75,830,132
55,309,894,124,939,190
60,309,979,191,1015,263
46,310,796,60,827,111
55,310,891,122,937,187
60,310,931,159,980,224
61,310,979,191,1018,266
46,311,794,60,826,112
55,311,889,121,934,185
60,311,930,161,982,225
61,311,979,191,1020,267
46,312,793,60,824,112
55,312,888,120,932,183
60,312,931,161,986,228
61,312,981,191,1023,269
46,313,791,60,822,111
55,313,887,119,931,181
60,313,899,151,959,216
61,313,930,164,990,229
62,313,984,191,1023,269
46,314,789,60,820,110
55,314,877,120,925,177
61,314,931,164,992,230
62,314,989,191,1023,271
46,315,787,59,819,110
55,315,876,118,924,175
61,315,932,165,993,231
62,315,994,190,1023,272
46,316,785,59,818,111
55,316,875,118,921,172
61,316,936,164,993,231
62,316,997,191,1023,275
46,317,783,59,816,110
55,317,872,117,919,170
61,317,939,163,995,230
62,317,1000,194,1023,277
46,318,781,59,814,109
55,318,870,117,916,170
61,318,943,162,998,230
62,318,1002,195,1023,279
46,319,779,58,812,108
55,319,869,117,913,169
61,319,946,158,1003,230
62,319,1004,193,1023,278
46,320,778,57,810,109
55,320,868,117,910,169
61,320,948,155,1006,229
46,321,777,55,810,109
55,321,866,117,908,168
46,322,777,53,810,109
55,322,864,115,905,168
46,323,777,52,811,108
55,323,859,112,903,168
62,323,973,152,1011,234
46,324,768,56,799,105
55,324,857,111,901,168
62,324,973,155,1013,233
46,325,766,56,799,107
55,325,853,109,900,169
62,325,974,155,1016,235
46,326,765,55,798,107
55,326,851,108,898,168
46,327,764,55,797,107
55,327,850,107,895,168
62,327,981,154,1021,239
46,328,763,56,795,107
55,328,850,107,892,167
62,328,985,154,1023,240
46,329,761,56,794,107
55,329,851,99,888,148
62,329,987,154,1023,240
46,330,758,55,793,107
55,330,850,97,888,146
46,331,757,55,791,106
55,331,834,96,878,151
46,332,755,54,789,105
55,332,830,94,876,152
46,333,754,54,788,104
55,333,826,92,873,153
46,334,753,54,787,104
55,334,824,91,871,153
46,335,751,54,785,103
55,335,824,91,868,154
46,336,750,55,783,103
55,336,826,93,866,154
46,337,748,56,781,104
55,337,825,93,864,154
46,338,747,56,780,105
55,338,824,94,861,152
46,339,745,55,778,105
55,339,821,93,859,151
46,340,743,54,777,105
55,340,818,93,856,149
46,341,742,54,777,104
55,341,815,93,855,148
46,342,741,53,775,103
55,342,814,93,852,148
46,343,741,54,774,101
55,343,815,93,850,147
46,344,739,53,773,102
55,344,816,93,848,147
46,345,738,54,772,103
55,345,816,93,847,146
46,346,737,54,772,105
55,346,799,88,838,145
46,347,737,54,771,105
55,347,799,87,836,146
46,348,726,50,758,99
55,348,797,86,834,147
46,349,725,48,758,100
55,349,794,85,832,148
46,350,724,47,757,100
55,350,736,54,771,106
63,350,792,84,830,146
46,351,723,46,757,102
55,351,736,54,771,107
63,351,791,84,828,145
46,352,722,45,755,102
63,352,789,84,825,144
46,353,720,44,753,102
63,353,788,83,824,143
46,354,719,45,750,102
63,354,786,84,822,142
46,355,717,44,749,102
63,355,782,84,819,141
46,356,714,44,748,102
63,356,779,85,817,141
46,357,711,42,748,102
63,357,777,84,815,140
46,358,708,40,747,101
63,358,776,82,813,141
46,359,706,39,745,101
63,359,776,81,812,142
46,360,706,40,743,101
63,360,776,81,811,142
46,361,705,40,741,100
63,361,763,75,805,141
46,362,703,40,740,100
63,362,762,73,805,140
46,363,689,41,722,96
63,363,702,39,739,99
64,363,761,71,804,140
46,364,690,40,721,95
63,364,701,40,737,98
64,364,761,70,800,138
65,364,778,81,810,136
46,365,690,41,719,95
63,365,701,42,736,99
64,365,758,68,797,135
46,366,690,41,717,95
63,366,701,46,735,101
64,366,755,68,792,133
46,367,690,41,717,94
63,367,701,49,734,102
64,367,753,69,788,133
46,368,690,40,717,93
63,368,700,51,732,102
64,368,752,70,785,132
46,369,689,38,717,92
63,369,699,51,730,103
64,369,751,70,784,132
46,370,689,37,718,92
63,370,698,53,730,105
64,370,749,70,783,133
46,371,689,36,719,93
63,371,696,55,731,107
64,371,745,70,782,134
46,372,688,36,719,94
63,372,696,56,732,108
64,372,742,70,780,133
46,373,691,29,715,67
63,373,687,34,718,94
64,373,696,55,733,108
67,373,740,70,778,133
63,374,685,33,717,92
67,374,738,69,776,132
63,375,682,33,715,91
67,375,735,68,775,132
63,376,679,31,712,91
67,376,732,68,772,131
63,377,676,31,710,90
67,377,736,60,769,109
63,378,674,31,709,90
67,378,721,69,767,132
63,379,672,32,707,90
67,379,718,69,764,131
63,380,670,31,705,91
67,380,716,68,761,130
63,381,672,21,697,68
67,381,669,30,704,93
69,381,715,67,760,129
63,382,671,19,696,67
67,382,667,28,704,94
69,382,714,66,760,128
63,383,669,19,695,68
67,383,665,26,703,95
69,383,714,67,759,128
67,384,664,25,702,95
69,384,714,67,757,128
67,385,662,23,700,95
69,385,712,66,755,130
67,386,661,23,698,96
69,386,708,67,753,134
67,387,663,20,689,71
69,387,704,67,751,136
67,388,661,20,689,70
69,388,700,67,747,138
67,389,660,19,688,68
69,389,665,27,698,94
71,389,698,68,743,137
67,390,660,19,687,67
69,390,669,31,703,97
71,390,695,68,739,136
67,391,653,23,678,64
69,391,671,35,707,102
71,391,693,67,736,134
67,392,653,23,677,63
69,392,671,40,712,109
71,392,679,62,726,132
67,393,652,21,677,63
71,393,675,62,725,131
67,394,651,20,676,63
71,394,668,45,716,115
67,395,650,18,676,64
71,395,667,46,715,116
67,396,648,18,675,65
71,396,666,48,713,116
67,397,647,17,673,66
71,397,664,49,709,115
67,398,646,16,672,66
71,398,662,51,705,115
67,399,645,15,671,65
71,399,659,51,702,115
67,400,644,14,670,64
71,400,656,51,699,115
67,401,643,13,670,65
71,401,655,50,697,114
67,402,642,14,669,66
71,402,644,22,683,99
67,403,641,14,668,66
71,403,644,25,682,100
67,404,640,14,666,67
71,404,643,28,681,102
67,405,638,14,665,67
71,405,641,31,682,104
67,406,636,13,664,69
71,406,639,29,681,105
67,407,634,12,663,71
71,407,637,26,679,103
67,408,632,11,662,73
71,408,636,24,677,101
67,409,631,10,662,73
71,409,635,24,676,99
67,410,630,10,662,74
73,410,779,317,841,389
67,411,629,10,662,73
73,411,775,313,834,384
67,412,628,10,661,74
73,412,771,308,827,380
67,413,627,29,666,96
73,413,738,305,810,381
67,414,626,30,662,95
73,414,740,300,807,379
67,415,627,13,654,68
71,415,624,32,660,94
73,415,738,296,801,376
67,416,625,12,652,66
71,416,622,33,658,94
73,416,733,285,794,352
67,417,624,12,652,66
71,417,620,33,657,94
73,417,726,279,787,349
67,418,623,12,652,66
71,418,620,34,657,94
74,418,686,268,784,363
67,419,623,13,653,66
71,419,609,35,643,91
74,419,694,265,773,352
67,420,624,17,652,64
71,420,609,34,643,89
74,420,677,257,771,357
71,421,608,34,642,87
74,421,673,251,766,355
71,422,607,35,640,87
74,422,651,248,752,350
71,423,606,36,638,88
74,423,650,242,747,350
71,424,605,36,636,89
74,424,648,236,740,352
71,425,610,24,633,69
67,425,603,35,635,88
74,425,643,232,736,327
67,426,601,35,633,88
74,426,649,230,722,319
67,427,598,35,630,89
75,427,644,224,714,313
67,428,595,35,627,90
71,428,619,39,651,89
75,428,642,221,709,308
67,429,593,36,626,91
75,429,619,213,697,305
67,430,591,35,625,90
75,430,613,210,694,302
67,431,589,33,624,90
75,431,608,208,687,299
67,432,566,41,599,88
71,432,587,31,622,89
75,432,609,199,678,285
67,433,568,37,600,86
71,433,585,30,621,88
75,433,606,195,670,282
67,434,569,34,600,84
71,434,586,30,620,86
75,434,585,192,657,282
67,435,603,18,627,61
71,435,568,32,600,82
75,435,584,186,655,279
71,436,572,24,598,72
67,436,605,16,628,60
75,436,581,179,650,274
71,437,571,24,598,73
67,437,605,15,629,60
75,437,577,175,645,269
71,438,568,23,596,74
67,438,606,14,629,60
75,438,570,173,639,265
71,439,565,23,593,73
67,439,604,14,628,60
75,439,566,173,635,262
71,440,562,22,591,73
67,440,602,13,628,61
75,440,545,169,617,258
71,441,558,22,590,72
67,441,599,13,627,61
75,441,547,161,613,245
71,442,555,22,588,71
67,442,597,12,625,61
75,442,543,156,609,246
71,443,552,21,585,70
67,443,594,12,623,61
75,443,537,150,605,245
71,444,549,20,583,70
67,444,592,11,622,62
75,444,532,146,600,242
71,445,546,18,581,70
67,445,590,10,622,62
75,445,526,143,597,237
71,446,544,17,580,70
67,446,590,8,622,62
75,446,506,139,577,230
71,447,542,15,578,70
67,447,590,8,623,62
75,447,504,134,576,227
71,448,542,15,576,71
67,448,591,9,623,62
75,448,501,131,573,224
71,449,541,15,574,70
67,449,591,10,623,61
75,449,496,129,569,222
71,450,533,16,559,58
67,450,540,15,571,70
76,450,592,11,624,59
75,450,492,122,556,208
67,451,539,14,570,70
76,451,593,10,624,57
75,451,487,119,552,208
67,452,533,13,561,62
76,452,592,7,623,55
75,452,485,117,549,204
67,453,531,11,562,64
76,453,592,5,623,53
75,453,472,113,535,199
67,454,530,9,562,63
76,454,592,4,623,51
75,454,467,107,531,196
67,455,529,7,561,62
76,455,591,3,624,50
75,455,461,105,526,193
67,456,528,6,560,58
76,456,591,4,623,50
75,456,456,103,521,188
67,457,527,5,559,55
76,457,590,3,623,49
75,457,453,102,516,184
67,458,525,4,558,52
76,458,589,3,623,47
75,458,451,101,513,180
67,459,523,3,557,50
76,459,588,2,622,45
75,459,437,95,494,176
67,460,522,4,554,50
76,460,587,2,621,43
75,460,434,91,494,176
67,461,520,6,553,51
76,461,587,2,621,43
75,461,430,88,489,163
67,462,518,6,550,51
76,462,586,1,620,43
75,462,422,87,485,161
67,463,515,6,548,51
76,463,585,0,620,43
75,463,415,85,480,159
67,464,513,5,546,49
76,464,585,0,619,42
75,464,409,84,476,156
67,465,510,5,544,48
76,465,585,0,618,42
75,465,407,83,475,153
67,466,507,4,542,47
76,466,584,0,617,41
75,466,395,74,454,147
67,467,503,3,541,45
76,467,582,0,616,41
75,467,391,72,453,145
67,468,500,4,540,44
76,468,581,0,614,41
75,468,386,70,451,144
67,469,499,4,538,43
76,469,580,0,612,40
75,469,381,67,449,142
67,470,498,3,538,44
75,470,376,65,446,139
67,471,498,2,537,44
75,471,374,64,441,135
67,472,497,1,540,46
80,472,568,0,604,40
75,472,373,64,439,131
67,473,490,0,525,43
80,473,568,0,604,39
75,473,352,48,419,113
67,474,489,0,525,41
80,474,569,0,604,39
75,474,349,46,417,115
67,475,489,0,524,40
80,475,499,4,542,47
81,475,568,0,604,38
75,475,344,45,412,115
67,476,488,0,524,39
80,476,499,4,541,48
81,476,567,0,603,38
75,476,339,44,404,114
67,477,489,0,523,40
80,477,500,4,540,48
81,477,567,0,602,37
75,477,333,41,398,113
67,478,489,0,523,41
80,478,498,4,538,48
81,478,567,0,601,37
75,478,330,38,395,110
67,479,489,0,523,42
81,479,568,0,599,37
75,479,329,34,394,110
67,480,488,0,520,41
81,480,568,1,598,37
75,480,322,31,379,109
67,481,486,0,516,40
81,481,568,2,596,37
75,481,321,24,375,111
67,482,484,0,512,37
81,482,567,1,594,36
75,482,318,20,371,112
67,483,481,0,510,34
81,483,565,0,592,35
75,483,311,16,367,113
67,484,478,0,509,33
81,484,563,0,591,34
75,484,304,17,363,111
67,485,475,0,505,32
81,485,561,0,590,35
75,485,298,19,360,108
67,486,473,0,503,32
81,486,560,0,589,35
75,486,294,21,362,107
67,487,471,0,498,24
75,487,286,17,336,69
81,487,559,0,588,34
67,488,471,0,497,23
75,488,284,18,335,70
81,488,558,0,587,33
75,489,281,18,334,70
81,489,557,0,586,31
75,490,277,17,329,69
81,490,557,0,585,30
75,491,272,13,323,66
81,491,557,0,584,30
75,492,268,9,314,62
81,492,555,0,584,31
75,493,264,6,308,59
81,493,555,0,584,31
75,494,260,4,304,57
81,494,553,0,584,32
75,495,252,0,291,52
81,495,552,0,584,32
75,496,249,0,292,51
81,496,551,0,583,32
75,497,245,0,293,49
81,497,550,0,582,31
75,498,240,0,295,49
81,498,549,0,581,30
75,499,236,0,293,47
81,499,549,1,579,28
75,500,234,0,290,45
81,500,548,1,579,27
84,501,452,0,475,17
81,501,544,0,578,23
75,501,232,0,287,44
84,502,451,0,474,18
81,502,544,0,576,23
75,502,228,0,288,42
84,503,450,0,474,18
81,503,543,0,574,22
75,503,225,0,287,40
81,504,542,0,573,22
75,504,222,0,284,38
81,505,542,0,572,21
81,506,542,0,571,21
86,511,325,0,411,35
86,512,325,0,411,35
87,513,529,0,557,19
87,514,529,0,555,19
87,515,526,0,554,20
87,516,523,0,553,19
87,517,520,0,553,19
88,517,0,0,40,40
88,518,0,0,48,42
88,519,0,0,54,46
88,520,0,0,60,49
88,521,0,0,66,54
88,522,0,0,71,58
88,523,0,0,84,59
88,524,3,0,88,64
88,525,6,0,93,69
88,526,8,0,98,72
88,527,3,0,110,81
89,528,223,557,288,574
88,528,2,0,119,85
89,529,222,555,286,575
88,529,1,0,127,89
89,530,221,543,298,575
88,530,1,0,134,94
89,531,225,541,293,575
88,531,1,0,141,98
89,532,227,538,290,575
88,532,0,1,147,107
89,533,227,536,288,574
88,533,0,1,153,110
88,534,7,0,160,113
88,535,6,0,167,118
88,536,9,0,173,123
88,537,16,2,178,128
88,538,22,4,184,133
89,539,223,518,281,573
88,539,27,7,190,139
89,540,223,517,280,573
88,540,31,10,195,145
89,541,224,516,279,572
88,541,39,14,213,150
89,542,197,515,255,570
90,542,264,521,317,567
88,542,44,16,219,154
89,543,197,513,254,569
90,543,224,516,276,569
91,543,263,520,316,565
88,543,51,17,224,158
89,544,197,512,252,568
90,544,225,515,277,568
91,544,262,518,314,563
88,544,56,25,236,167
89,545,197,510,251,566
91,545,260,517,311,563
88,545,61,29,242,172
89,546,195,507,250,565
91,546,259,515,309,564
88,546,73,35,253,176
89,547,192,504,249,564
91,547,257,513,308,564
88,547,78,39,260,180
89,548,191,503,246,561
88,548,85,43,268,187
89,549,189,503,243,560
90,549,232,506,287,567
88,549,91,47,277,194
90,550,231,506,283,568
88,550,98,49,282,201
90,551,229,508,278,569
88,551,112,48,295,205
88,552,118,57,301,211
88,553,124,61,310,215
89,554,177,474,239,547
88,554,130,66,318,219
89,555,178,474,238,544
88,555,136,73,324,225
89,556,176,474,236,542
88,556,145,77,344,235
89,557,153,473,221,542
88,557,151,82,353,240
89,558,151,472,221,542
88,558,158,84,363,245
89,559,150,472,219,539
88,559,166,94,370,253
88,560,172,95,390,260
88,561,180,99,396,265
88,562,189,105,406,271
88,563,198,112,414,277
88,564,215,114,435,283
89,565,147,459,205,526
88,565,221,118,445,287
89,566,145,457,203,525
88,566,216,128,458,308
89,567,135,433,203,521
88,567,228,135,460,313
89,568,133,435,199,519
88,568,247,135,482,322
89,569,132,437,198,518
88,569,255,143,492,328
89,570,131,436,199,516
88,570,264,148,500,334
89,571,131,435,199,515
88,571,280,161,520,351
89,572,112,436,186,509
88,572,286,167,528,359
89,573,111,434,184,508
88,573,292,173,542,368
94,574,430,4,458,32
89,574,108,433,182,505
88,574,297,180,552,374
94,575,429,3,456,33
89,575,105,430,178,503
88,575,312,186,577,375
94,576,428,4,454,33
89,576,103,425,174,500
88,576,321,200,587,391
94,577,427,5,453,34
89,577,103,421,170,496
88,577,326,204,597,399
94,578,408,3,440,37
89,578,105,417,166,493
88,578,350,209,618,408
95,579,329,0,412,36
94,579,409,3,440,38
89,579,106,416,163,491
88,579,357,213,630,420
95,580,330,0,412,37
94,580,409,3,440,38
89,580,106,417,162,489
88,580,369,211,637,432
94,581,410,3,439,40
88,581,391,234,659,443
94,582,408,4,439,43
88,582,397,237,675,453
94,583,406,7,436,45
88,583,406,244,684,462
94,584,403,8,434,47
88,584,429,249,701,470
94,585,401,10,432,48
88,585,434,263,721,485
94,586,400,10,432,49
88,586,455,276,741,490
94,587,400,10,432,50
88,587,463,280,754,503
96,588,332,0,410,39
94,588,399,10,430,52
88,588,475,285,764,512
96,589,331,0,411,39
94,589,397,11,428,54
97,589,114,428,160,486
88,589,492,306,796,523
94,590,396,11,427,54
97,590,76,386,129,473
98,590,114,427,154,485
88,590,505,311,805,533
94,591,396,10,427,55
97,591,76,383,130,475
98,591,104,389,156,473
99,591,111,425,151,482
88,591,528,320,835,540
94,592,395,9,426,56
97,592,78,384,129,472
98,592,104,389,156,466
88,592,539,325,846,548
94,593,391,9,425,56
97,593,80,387,129,469
94,594,387,9,423,57
88,594,573,344,885,569
94,595,385,10,423,60
88,595,587,353,889,571
94,596,384,12,423,63
88,596,607,360,920,571
94,597,386,13,423,67
88,597,619,367,926,575
94,598,386,13,423,67
88,598,632,372,968,572
94,599,385,13,423,69
88,599,651,373,958,572
94,600,383,11,423,70
88,600,654,413,956,571
94,601,348,0,406,51
94,602,352,1,408,55
94,603,354,3,410,60
94,604,376,8,420,69
94,605,374,8,421,68
94,606,374,7,421,68
94,607,375,6,421,69
94,608,376,5,422,70
94,609,358,18,406,93
94,610,355,19,407,95
94,611,340,0,406,63
94,612,337,0,405,55
94,613,335,0,406,48
94,614,333,0,405,43
94,615,346,33,398,94
94,616,345,33,395,95
94,617,343,33,395,96
94,618,341,34,395,97
