0,2754,0,374,36,425
0,2755,0,379,44,428
0,2756,0,379,44,428
4,2757,770,304,798,398
0,2757,0,379,45,428
4,2758,758,306,798,395
0,2758,0,379,45,428
4,2759,752,304,798,386
0,2759,0,379,45,428
0,2760,0,379,45,428
4,2760,732,296,797,394
0,2761,0,379,45,428
4,2761,722,293,799,388
0,2762,0,379,45,429
4,2762,711,289,799,383
0,2763,0,379,45,429
4,2763,702,282,799,372
0,2764,0,379,45,429
4,2764,690,280,799,369
0,2765,0,379,45,429
4,2765,683,275,799,367
0,2766,0,379,45,428
4,2766,668,275,797,362
0,2767,0,379,45,428
4,2767,660,271,797,357
0,2768,0,379,45,428
4,2768,651,268,797,353
0,2769,0,379,45,428
4,2769,641,266,795,348
0,2770,0,379,45,428
4,2770,635,264,791,343
0,2771,0,379,45,428
4,2771,624,259,776,336
0,2772,0,379,45,428
4,2772,616,256,768,335
0,2773,0,379,45,428
4,2773,609,255,758,332
0,2774,0,379,45,428
4,2774,596,254,746,327
0,2775,0,379,45,428
4,2775,589,252,737,324
0,2776,0,379,45,428
4,2776,583,250,727,321
0,2777,0,379,46,428
4,2777,572,248,713,316
0,2778,0,379,46,427
4,2778,569,247,706,313
0,2779,0,379,46,427
4,2779,562,244,698,309
0,2780,0,379,46,427
4,2780,555,243,689,306
0,2781,0,379,45,427
4,2781,545,241,677,303
0,2782,0,379,45,427
4,2782,541,240,671,301
0,2783,0,379,45,427
4,2783,539,235,661,298
0,2784,0,379,45,427
4,2784,534,235,653,296
0,2785,0,379,45,427
4,2785,530,234,646,293
0,2786,0,379,45,427
4,2786,521,232,634,291
0,2787,0,379,45,427
4,2787,518,231,628,289
0,2788,0,380,45,426
4,2788,513,230,621,286
0,2789,0,380,45,426
4,2789,507,229,615,283
0,2790,0,380,45,427
4,2790,496,227,606,280
0,2791,0,380,45,427
4,2791,496,226,599,279
0,2792,0,380,45,427
4,2792,494,225,593,277
0,2793,0,380,45,427
4,2793,490,223,588,275
4,2794,486,223,581,273
0,2794,0,380,45,427
4,2795,482,221,576,272
0,2795,0,380,45,426
4,2796,475,220,564,267
0,2796,0,380,45,426
4,2797,471,219,563,267
0,2797,0,380,45,426
4,2798,467,218,558,265
0,2798,0,380,45,426
4,2799,463,217,551,264
0,2799,0,380,45,426
4,2800,459,216,546,262
0,2800,0,380,45,426
4,2801,457,212,541,260
0,2801,0,380,44,426
4,2802,454,212,536,259
0,2802,0,380,45,426
4,2803,450,212,529,256
0,2803,0,380,45,426
4,2804,448,210,528,257
0,2804,0,380,45,426
4,2805,445,209,525,255
0,2805,0,379,45,426
4,2806,442,208,520,253
0,2806,0,379,45,426
7,2806,786,396,798,490
4,2807,440,208,515,252
0,2807,0,379,45,426
7,2807,772,392,799,494
4,2808,437,207,511,250
0,2808,0,379,45,426
7,2808,759,386,799,491
4,2809,435,206,506,248
0,2809,0,379,45,426
7,2809,751,382,798,482
4,2810,433,205,502,246
0,2810,0,379,45,426
7,2810,733,374,796,483
4,2811,430,204,499,245
0,2811,0,379,45,426
7,2811,724,365,796,473
4,2812,425,203,493,244
0,2812,0,379,45,427
7,2812,713,362,797,470
4,2813,424,203,492,243
0,2813,0,379,45,427
7,2813,702,358,798,465
4,2814,422,203,489,242
0,2814,0,379,45,427
7,2814,691,354,798,459
4,2815,420,202,485,241
0,2815,0,379,44,428
7,2815,685,349,798,453
4,2816,418,201,481,240
0,2816,0,379,44,427
7,2816,669,348,799,444
4,2817,417,200,477,238
0,2817,0,379,44,427
7,2817,658,341,799,433
4,2818,415,200,473,237
0,2818,0,379,44,427
7,2818,649,339,799,427
4,2819,413,199,470,235
0,2819,0,378,44,428
7,2819,639,335,799,421
4,2820,411,198,467,234
0,2820,0,379,44,428
7,2820,633,331,793,415
4,2821,410,197,464,233
0,2821,0,379,45,428
7,2821,619,329,780,408
4,2822,408,197,462,232
0,2822,0,379,45,428
7,2822,612,327,767,403
4,2823,407,196,460,230
0,2823,0,379,45,428
7,2823,608,325,755,401
4,2824,404,195,455,230
0,2824,0,378,45,428
7,2824,596,317,741,394
4,2825,403,194,454,229
0,2825,0,378,45,428
7,2825,589,314,732,389
4,2826,401,194,452,227
0,2826,0,378,45,428
7,2826,582,312,723,384
4,2827,400,194,449,226
0,2827,0,379,45,428
7,2827,572,310,710,379
4,2828,398,193,446,225
0,2828,0,379,45,428
7,2828,568,307,701,375
4,2829,396,193,443,224
0,2829,0,379,45,428
7,2829,561,304,691,370
4,2830,394,193,441,224
0,2830,0,379,45,427
7,2830,555,300,684,367
0,2831,0,379,45,428
7,2831,543,295,674,360
0,2832,0,379,45,428
7,2832,541,293,664,358
0,2833,0,379,45,428
7,2833,536,290,654,354
0,2834,0,379,45,428
7,2834,531,288,647,350
0,2835,0,379,45,428
7,2835,522,287,636,345
0,2836,0,379,45,428
7,2836,519,284,630,342
0,2837,0,379,45,428
7,2837,514,283,622,339
0,2838,786,306,797,385
11,2838,0,378,45,428
7,2838,510,280,613,335
0,2839,773,306,799,387
11,2839,0,378,45,428
7,2839,505,279,608,331
0,2840,764,305,798,384
11,2840,0,378,45,428
7,2840,499,276,598,329
0,2841,755,301,799,375
11,2841,0,378,45,428
7,2841,496,273,589,324
7,2842,491,272,585,321
0,2842,746,297,799,372
11,2842,0,379,44,428
7,2843,487,270,579,319
0,2843,735,294,797,361
11,2843,0,379,45,429
7,2844,483,268,573,316
0,2844,730,293,797,361
11,2844,0,378,45,428
7,2845,475,267,564,314
11,2845,0,378,45,428
0,2845,720,287,799,363
7,2846,474,265,560,312
11,2846,0,378,45,428
0,2846,713,285,799,359
7,2847,471,263,555,309
11,2847,0,378,45,428
0,2847,706,282,799,355
7,2848,468,262,548,307
11,2848,0,378,45,428
0,2848,699,279,799,351
7,2849,464,260,542,304
11,2849,0,378,45,428
0,2849,692,276,799,348
7,2850,460,257,536,301
11,2850,0,378,45,428
0,2850,685,274,799,347
7,2851,457,255,533,299
11,2851,0,378,45,428
0,2851,680,271,799,345
7,2852,451,252,525,295
11,2852,0,378,45,428
0,2852,673,270,795,340
7,2853,448,250,522,293
11,2853,0,378,45,428
0,2853,667,268,794,336
7,2854,442,246,519,289
11,2854,0,378,45,428
0,2854,659,267,790,334
7,2855,440,246,513,289
11,2855,0,379,45,428
0,2855,654,262,782,332
7,2856,437,244,506,287
11,2856,0,379,45,429
0,2856,650,261,776,330
7,2857,434,243,501,285
11,2857,0,379,45,428
0,2857,643,259,763,328
7,2858,433,241,497,283
11,2858,0,378,45,428
0,2858,640,258,758,325
7,2859,429,242,488,280
11,2859,0,378,45,428
0,2859,635,257,751,322
7,2860,425,239,489,279
11,2860,0,378,45,428
0,2860,630,254,745,320
7,2861,423,238,486,278
11,2861,0,378,45,428
0,2861,627,252,740,318
7,2862,420,237,482,276
11,2862,0,378,45,428
0,2862,625,251,735,316
7,2863,418,236,478,275
11,2863,0,378,45,428
0,2863,615,251,725,313
7,2864,417,235,474,273
11,2864,0,378,45,428
0,2864,612,250,719,310
7,2865,414,233,470,270
11,2865,0,378,45,428
0,2865,608,248,714,306
7,2866,412,231,467,268
11,2866,0,379,45,428
0,2866,606,246,708,304
7,2867,409,230,464,265
15,2867,777,307,798,381
11,2867,0,379,45,428
0,2867,603,245,703,302
7,2868,407,229,461,263
15,2868,768,303,798,378
11,2868,0,379,45,428
0,2868,600,244,698,300
7,2869,406,228,459,262
15,2869,758,300,799,373
11,2869,0,379,45,428
0,2869,592,242,693,299
7,2870,401,226,454,261
15,2870,750,290,799,361
11,2870,0,379,45,428
0,2870,590,242,689,297
7,2871,400,224,452,259
15,2871,748,286,799,354
11,2871,0,379,45,428
0,2871,586,240,686,293
7,2872,398,223,449,258
15,2872,732,289,796,360
11,2872,0,379,45,428
0,2872,584,239,682,292
7,2873,396,222,446,257
11,2873,0,379,45,428
0,2873,581,238,678,291
15,2873,721,279,799,360
7,2874,395,222,443,256
11,2874,0,379,45,428
0,2874,579,237,674,289
15,2874,714,278,799,356
7,2875,389,219,439,254
0,2875,576,236,668,287
11,2875,0,379,45,428
15,2875,706,276,799,351
7,2876,387,217,437,252
0,2876,575,234,663,285
11,2876,0,379,45,428
15,2876,699,273,799,347
7,2877,386,215,434,250
0,2877,567,235,655,286
11,2877,0,379,45,428
15,2877,692,271,799,344
7,2878,384,214,432,248
0,2878,565,234,654,284
11,2878,0,379,45,428
15,2878,687,268,797,341
7,2879,383,213,430,247
0,2879,563,233,652,284
11,2879,0,379,45,428
15,2879,679,266,785,339
7,2880,381,212,428,245
0,2880,561,232,650,282
11,2880,0,379,45,428
15,2880,674,266,780,336
7,2881,380,211,426,244
0,2881,559,231,647,281
11,2881,0,379,45,428
15,2881,667,260,774,334
7,2882,379,210,425,242
0,2882,557,230,644,279
11,2882,0,379,45,429
15,2882,662,259,766,332
7,2883,378,209,425,241
0,2883,556,229,639,277
11,2883,0,379,45,429
15,2883,651,260,755,328
7,2884,375,206,420,240
0,2884,555,229,635,276
11,2884,0,379,45,429
15,2884,647,260,749,325
7,2885,375,205,418,238
0,2885,554,229,631,275
11,2885,0,379,45,429
15,2885,642,259,743,321
7,2886,374,205,416,237
0,2886,553,228,628,274
11,2886,0,379,45,429
15,2886,638,257,735,319
7,2887,374,204,414,236
0,2887,552,227,626,272
11,2887,0,379,45,429
15,2887,634,255,729,317
7,2888,372,203,411,235
0,2888,551,226,624,271
11,2888,0,379,45,429
15,2888,622,254,721,317
7,2889,371,203,409,234
0,2889,546,225,616,267
11,2889,0,379,45,429
15,2889,619,253,714,314
7,2890,369,202,407,233
0,2890,545,225,615,267
11,2890,0,379,45,428
15,2890,615,251,707,312
7,2891,368,201,406,232
0,2891,543,225,613,267
11,2891,0,379,45,428
15,2891,612,249,701,310
7,2892,368,200,405,231
0,2892,542,224,612,266
11,2892,0,379,45,428
15,2892,608,247,696,308
7,2893,367,200,403,230
0,2893,542,223,611,266
11,2893,0,379,45,428
15,2893,605,246,693,308
7,2894,366,199,402,228
0,2894,541,222,610,265
11,2894,0,379,45,428
15,2894,596,245,686,305
7,2895,364,199,400,227
0,2895,539,221,608,264
11,2895,0,379,45,428
15,2895,592,244,682,303
7,2896,363,199,398,226
0,2896,537,220,605,263
11,2896,0,379,45,428
15,2896,587,242,677,302
7,2897,362,199,396,225
0,2897,535,219,602,262
11,2897,0,379,45,428
15,2897,583,241,672,301
7,2898,361,198,395,224
0,2898,534,218,600,261
15,2898,579,242,667,300
11,2898,0,379,45,428
7,2899,361,197,394,223
0,2899,533,219,599,260
15,2899,577,241,662,300
11,2899,0,379,45,428
7,2900,360,197,393,222
0,2900,532,216,598,257
15,2900,580,239,656,291
11,2900,0,379,45,428
7,2901,360,196,393,221
0,2901,531,216,597,257
15,2901,564,239,650,294
11,2901,0,379,45,428
7,2902,359,196,391,221
0,2902,530,215,594,256
15,2902,561,238,647,293
11,2902,0,379,45,428
7,2903,358,196,390,220
0,2903,529,215,592,255
15,2903,559,238,644,292
11,2903,0,379,45,428
0,2904,527,215,590,253
15,2904,556,237,640,291
11,2904,0,379,45,428
0,2905,527,214,589,251
15,2905,554,236,636,290
11,2905,0,379,45,428
0,2906,526,214,589,250
15,2906,552,235,631,287
11,2906,0,379,45,428
0,2907,527,213,591,250
15,2907,551,234,626,285
11,2907,0,379,45,428
0,2908,526,213,592,250
15,2908,541,232,616,281
11,2908,0,379,45,428
0,2909,526,213,593,250
15,2909,538,232,618,283
11,2909,0,379,45,428
0,2910,522,211,573,247
15,2910,536,232,615,282
11,2910,0,379,45,428
0,2911,521,211,574,246
15,2911,534,232,611,281
11,2911,0,379,45,428
0,2912,520,211,575,244
15,2912,531,232,606,280
11,2912,0,379,45,428
0,2913,520,210,575,243
15,2913,527,231,602,278
11,2913,0,379,45,428
0,2914,518,210,577,242
15,2914,525,229,598,276
11,2914,0,379,45,428
0,2915,517,210,579,242
15,2915,523,228,594,275
11,2915,0,379,45,428
0,2916,516,210,579,242
15,2916,522,226,591,274
11,2916,0,379,45,428
0,2917,515,211,578,242
15,2917,513,226,588,273
11,2917,0,379,45,428
0,2918,513,210,578,242
15,2918,511,225,587,274
11,2918,0,379,45,428
0,2919,511,210,577,241
15,2919,508,225,584,274
11,2919,0,379,45,428
0,2920,509,210,574,240
15,2920,507,224,580,273
11,2920,0,379,46,428
0,2921,508,210,571,239
15,2921,506,224,576,272
11,2921,0,379,46,428
0,2922,508,208,569,237
15,2922,504,224,571,271
11,2922,0,379,46,428
0,2923,507,207,567,234
15,2923,502,224,568,270
11,2923,0,379,46,428
0,2924,507,206,565,232
15,2924,499,223,565,269
11,2924,0,379,46,428
0,2925,508,206,565,233
15,2925,497,222,563,267
11,2925,0,379,46,428
0,2926,509,206,565,234
15,2926,495,222,559,266
11,2926,0,378,46,428
0,2927,510,206,564,235
15,2927,490,225,550,264
11,2927,0,378,46,428
0,2928,511,205,563,234
15,2928,487,224,550,263
11,2928,0,378,46,428
0,2929,511,205,561,233
15,2929,484,222,548,262
11,2929,0,379,46,428
0,2930,512,204,560,233
15,2930,482,221,545,261
11,2930,0,379,45,428
0,2931,513,204,559,234
15,2931,480,219,542,261
11,2931,0,379,45,428
0,2932,514,204,559,235
15,2932,478,219,539,260
11,2932,0,379,45,428
0,2933,514,203,558,236
15,2933,477,219,536,259
11,2933,0,379,46,428
0,2934,512,203,558,236
15,2934,474,219,534,259
11,2934,0,379,46,428
15,2935,473,212,542,253
0,2935,510,203,556,235
11,2935,0,379,46,428
15,2936,471,210,540,253
0,2936,507,202,555,235
11,2936,0,379,46,428
15,2937,469,209,538,253
0,2937,505,202,554,235
11,2937,0,379,46,428
15,2938,465,208,534,252
0,2938,504,202,553,235
11,2938,0,379,46,428
15,2939,460,211,519,254
0,2939,504,203,553,234
11,2939,0,379,46,428
15,2940,459,210,519,254
0,2940,504,203,552,234
11,2940,0,378,46,428
15,2941,458,209,518,253
0,2941,504,202,551,235
11,2941,0,378,46,428
15,2942,456,209,516,252
0,2942,503,202,550,234
11,2942,0,378,46,428
15,2943,455,209,515,251
0,2943,503,202,550,234
11,2943,0,378,46,428
15,2944,453,209,512,250
0,2944,502,202,549,233
11,2944,0,378,46,428
15,2945,451,208,509,249
0,2945,494,202,544,233
11,2945,0,378,46,428
15,2946,448,208,505,248
0,2946,493,202,544,232
11,2946,0,378,46,428
15,2947,447,207,503,247
0,2947,492,202,543,233
11,2947,0,378,46,428
15,2948,445,207,501,246
0,2948,490,201,542,233
11,2948,0,378,46,428
15,2949,444,206,498,245
0,2949,488,201,541,233
11,2949,0,378,46,428
15,2950,442,206,497,244
0,2950,487,201,540,233
11,2950,0,378,46,428
15,2951,440,205,495,243
0,2951,486,201,539,233
11,2951,0,378,46,428
15,2952,439,204,494,242
0,2952,485,201,538,233
11,2952,0,378,46,428
15,2953,438,203,493,241
0,2953,484,201,537,233
11,2953,0,378,46,428
15,2954,432,203,482,240
0,2954,483,201,537,232
11,2954,0,378,46,428
15,2955,431,202,483,240
0,2955,482,201,536,232
11,2955,0,378,46,428
15,2956,430,202,482,239
0,2956,482,201,536,231
11,2956,0,378,46,428
15,2957,429,202,480,238
0,2957,482,201,536,231
11,2957,0,378,46,428
15,2958,428,201,479,237
0,2958,481,201,536,231
11,2958,0,378,46,428
15,2959,427,201,477,235
0,2959,481,200,536,230
11,2959,0,379,46,428
15,2960,426,200,475,235
0,2960,480,200,535,230
11,2960,0,379,46,428
15,2961,425,199,472,234
0,2961,480,200,535,231
11,2961,0,379,46,428
15,2962,423,199,470,234
0,2962,479,200,534,230
11,2962,0,379,46,428
15,2963,422,198,467,233
11,2963,0,379,46,428
15,2964,421,196,465,233
11,2964,0,379,46,428
15,2965,421,196,464,232
18,2965,476,199,533,230
11,2965,0,379,46,428
15,2966,419,195,463,231
18,2966,476,199,532,230
11,2966,0,379,46,428
15,2967,418,196,462,230
11,2967,0,379,46,428
15,2968,417,196,460,229
11,2968,0,379,46,428
15,2969,416,196,457,228
11,2969,0,379,46,428
15,2970,415,197,455,227
21,2970,473,199,530,229
11,2970,0,379,46,428
15,2971,414,196,454,226
21,2971,473,199,530,229
11,2971,0,379,46,428
15,2972,414,196,453,226
11,2972,0,379,46,428
15,2973,409,194,447,226
11,2973,0,379,46,428
15,2974,409,193,446,225
11,2974,0,379,46,428
15,2975,408,193,444,224
11,2975,0,379,46,428
15,2976,407,193,442,224
11,2976,0,379,46,428
15,2977,406,193,440,224
22,2977,470,198,528,228
11,2977,0,379,46,428
11,2978,0,379,46,428
11,2979,0,379,46,428
11,2980,0,379,46,428
23,2981,469,197,526,229
11,2981,0,379,46,428
11,2982,0,379,46,428
11,2983,0,379,45,428
11,2984,0,379,45,428
24,2985,468,197,525,228
11,2985,0,379,45,428
24,2986,467,196,525,228
11,2986,0,379,45,428
11,2987,0,379,45,428
11,2988,0,379,45,428
11,2989,0,379,45,427
11,2990,0,379,45,428
11,2991,0,379,45,428
11,2992,0,379,45,428
11,2993,0,379,45,428
11,2994,0,379,45,428
11,2995,0,380,45,428
11,2996,0,379,45,428
11,2997,0,379,45,428
11,2998,0,379,45,428
11,2999,0,379,45,428
11,3000,0,380,45,428
11,3001,0,380,45,428
11,3002,0,380,45,428
11,3003,0,380,45,428
26,3004,782,312,796,422
11,3004,0,380,45,428
26,3005,771,311,799,424
11,3005,0,380,45,428
26,3006,756,305,798,399
11,3006,0,380,44,428
26,3007,751,303,799,390
11,3007,0,380,45,428
11,3008,0,380,45,428
26,3008,732,296,797,398
11,3009,0,380,45,428
26,3009,723,293,798,395
11,3010,0,379,45,427
26,3010,713,289,799,389
11,3011,0,380,45,427
26,3011,702,286,799,387
11,3012,0,380,45,427
26,3012,691,280,799,373
11,3013,0,380,45,427
26,3013,683,276,799,374
11,3014,0,379,45,428
26,3014,671,275,797,368
11,3015,0,379,45,428
26,3015,662,272,797,364
11,3016,0,379,45,428
26,3016,654,269,795,359
11,3017,0,380,45,428
26,3017,645,267,795,353
11,3018,0,380,45,428
26,3018,636,265,795,348
11,3019,0,380,45,428
26,3019,629,264,795,343
11,3020,0,380,45,428
26,3020,622,264,781,340
11,3021,0,380,46,428
26,3021,615,256,772,337
11,3022,0,380,45,428
26,3022,608,256,761,334
11,3023,0,380,45,428
26,3023,597,254,748,328
11,3024,0,380,45,428
26,3024,592,253,740,325
11,3025,0,380,45,428
26,3025,584,251,732,321
11,3026,0,380,45,428
26,3026,576,251,726,316
11,3027,0,380,46,428
26,3027,575,245,706,315
11,3028,0,380,46,428
26,3028,569,243,700,313
11,3029,0,380,45,428
26,3029,560,242,693,310
11,3030,0,380,45,428
26,3030,553,241,687,306
11,3031,0,380,45,428
26,3031,547,239,673,304
11,3032,0,380,46,428
26,3032,540,238,671,302
11,3033,0,380,46,428
26,3033,534,232,659,300
11,3034,0,380,45,428
26,3034,529,232,654,298
11,3035,0,380,45,428
26,3035,521,229,640,296
11,3036,0,380,45,428
26,3036,521,230,632,294
11,3037,0,380,46,428
26,3037,517,230,626,291
11,3038,0,380,46,428
26,3038,512,230,619,288
11,3039,0,380,45,428
26,3039,508,229,614,285
11,3040,0,380,45,428
26,3040,504,228,610,284
11,3041,0,380,45,428
26,3041,497,224,602,282
11,3042,0,380,45,428
26,3042,495,223,596,281
11,3043,0,380,46,428
26,3043,491,223,592,279
11,3044,0,379,46,428
26,3044,487,221,587,277
11,3045,0,379,45,428
26,3045,483,220,581,275
26,3046,480,220,575,272
11,3046,0,379,45,428
26,3047,474,218,567,270
11,3047,0,379,45,428
26,3048,472,217,565,269
11,3048,0,379,45,428
26,3049,469,217,561,268
11,3049,0,379,46,428
26,3050,464,208,537,244
11,3050,0,379,46,428
26,3051,462,215,550,265
11,3051,0,379,45,428
26,3052,458,215,545,264
11,3052,0,379,45,428
26,3053,455,215,540,263
11,3053,0,379,45,428
26,3054,457,216,533,261
11,3054,0,379,45,428
26,3055,448,208,529,256
11,3055,0,379,45,428
26,3056,444,208,528,256
11,3056,0,379,45,428
26,3057,442,207,525,254
11,3057,0,379,45,428
26,3058,440,206,521,253
11,3058,0,380,45,428
26,3059,439,205,518,252
11,3059,0,380,45,428
26,3060,437,204,513,251
11,3060,0,380,46,428
26,3061,434,204,509,250
11,3061,0,380,46,428
26,3062,432,203,506,248
11,3062,0,380,46,428
26,3063,431,203,503,247
11,3063,0,380,46,428
26,3064,431,203,500,244
11,3064,0,380,46,428
26,3065,425,204,490,245
11,3065,0,380,46,429
26,3066,423,203,489,244
11,3066,0,380,46,429
26,3067,421,201,486,242
11,3067,0,380,46,428
26,3068,419,200,483,241
11,3068,0,380,46,428
26,3069,417,198,481,239
11,3069,0,380,46,428
26,3070,416,198,478,238
11,3070,0,380,46,428
26,3071,415,197,476,237
11,3071,0,380,46,428
26,3072,413,196,474,236
11,3072,0,380,46,429
26,3073,412,196,471,235
11,3073,0,380,46,429
26,3074,410,195,468,234
11,3074,0,380,46,429
26,3075,408,195,466,233
11,3075,0,380,46,429
26,3076,407,194,464,232
11,3076,0,380,46,429
26,3077,407,194,462,230
11,3077,0,380,46,429
26,3078,401,194,455,231
11,3078,0,380,46,429
26,3079,400,193,455,230
11,3079,0,380,46,429
26,3080,399,193,453,229
11,3080,0,380,46,429
26,3081,398,193,451,227
11,3081,0,380,46,428
26,3082,397,193,448,226
11,3082,0,380,46,428
26,3083,395,193,446,226
11,3083,0,380,46,428
26,3084,394,192,444,225
40,3084,784,325,796,416
11,3084,0,380,46,428
40,3085,772,324,797,413
11,3085,0,380,46,428
40,3086,758,318,798,391
11,3086,0,380,46,428
40,3087,748,316,799,390
11,3087,0,380,46,428
40,3088,736,317,797,385
11,3088,0,380,45,428
11,3089,0,380,46,428
40,3089,726,307,798,392
11,3090,0,380,46,428
40,3090,717,303,799,387
45,3091,462,193,515,226
47,3091,0,380,46,428
40,3091,708,301,799,379
11,3092,0,380,45,428
40,3092,698,299,799,374
11,3093,0,379,45,428
40,3093,689,297,799,367
11,3094,0,380,45,428
40,3094,683,292,798,362
11,3095,0,380,45,428
40,3095,670,291,798,358
11,3096,0,380,45,428
40,3096,664,288,793,353
11,3097,0,380,45,428
40,3097,656,285,786,348
11,3098,0,380,45,428
40,3098,649,283,777,345
11,3099,0,380,45,428
40,3099,637,282,762,341
11,3100,0,380,45,428
40,3100,630,279,754,337
11,3101,0,380,45,428
40,3101,623,276,747,334
11,3102,0,379,45,428
40,3102,619,275,740,331
11,3103,0,379,45,428
40,3103,607,273,727,328
11,3104,0,379,45,428
40,3104,602,269,718,325
11,3105,0,379,45,428
40,3105,597,267,710,323
11,3106,0,379,45,428
40,3106,590,266,707,320
11,3107,0,379,45,428
40,3107,584,265,692,315
11,3108,0,379,45,428
40,3108,580,262,684,312
11,3109,0,380,45,428
40,3109,574,260,678,310
11,3110,0,380,45,428
40,3110,566,259,674,307
11,3111,0,380,45,428
40,3111,558,254,662,308
40,3112,556,257,652,301
11,3112,0,380,45,428
40,3113,552,255,646,299
11,3113,0,380,45,428
40,3114,547,253,639,297
11,3114,0,380,45,428
40,3115,544,252,634,295
11,3115,0,380,45,428
40,3116,532,248,626,293
11,3116,0,380,45,428
40,3117,528,245,622,289
11,3117,0,380,45,428
40,3118,524,244,617,289
11,3118,0,380,45,428
40,3119,520,243,610,288
11,3119,0,380,45,428
40,3120,515,242,604,286
11,3120,0,380,45,428
40,3121,509,245,592,280
11,3121,0,380,45,428
40,3122,504,242,591,281
11,3122,0,380,45,428
40,3123,503,240,584,279
11,3123,0,380,45,428
40,3124,499,239,579,278
11,3124,0,379,45,428
40,3125,495,238,573,276
11,3125,0,380,45,428
40,3126,491,236,568,275
11,3126,0,379,45,428
40,3127,488,235,565,273
11,3127,0,379,45,428
40,3128,490,236,561,271
11,3128,0,379,45,428
40,3129,482,232,554,270
11,3129,0,380,45,428
40,3130,480,231,549,269
11,3130,0,380,45,428
40,3131,476,230,545,267
11,3131,0,380,45,428
40,3132,473,229,540,266
11,3132,0,380,45,428
40,3133,470,228,536,264
11,3133,0,380,45,428
40,3134,467,226,532,263
11,3134,0,380,45,428
40,3135,465,226,529,262
11,3135,0,380,45,428
40,3136,464,226,526,261
11,3136,0,380,45,428
40,3137,456,225,520,259
11,3137,0,380,45,428
40,3138,461,203,518,236
11,3138,0,380,45,428
40,3139,458,206,518,241
11,3139,0,380,45,428
40,3140,450,223,511,255
11,3140,0,380,45,428
40,3141,448,222,508,255
11,3141,0,380,45,428
40,3142,452,211,512,248
11,3142,0,380,45,428
40,3143,450,211,510,248
11,3143,0,380,45,429
40,3144,448,210,508,246
11,3144,0,380,45,429
40,3145,447,208,505,243
11,3145,0,380,45,428
40,3146,436,213,479,245
11,3146,0,380,45,428
40,3147,432,213,483,247
11,3147,0,380,45,428
40,3148,431,212,482,246
11,3148,0,380,45,428
40,3149,430,210,481,244
11,3149,0,380,45,428
40,3150,429,209,479,242
11,3150,0,379,45,428
40,3151,427,208,476,241
11,3151,0,379,44,428
40,3152,426,208,474,240
11,3152,0,379,44,429
40,3153,424,207,472,240
11,3153,0,379,43,430
40,3154,422,207,470,239
11,3154,0,380,43,430
40,3155,419,206,467,238
11,3155,0,380,44,430
40,3156,416,206,464,237
11,3156,0,379,44,429
40,3157,414,206,462,236
11,3157,0,379,44,429
40,3158,413,205,460,235
11,3158,0,379,44,429
40,3159,413,205,458,234
11,3159,0,379,44,429
40,3160,412,205,457,233
11,3160,0,380,44,430
40,3161,411,204,456,232
11,3161,0,380,44,430
40,3162,406,203,451,232
11,3162,0,379,44,431
40,3163,405,202,449,230
11,3163,0,379,43,432
40,3164,403,201,447,229
11,3164,0,379,43,433
40,3165,402,201,445,228
11,3165,0,380,42,434
40,3166,400,200,443,227
11,3166,0,380,41,434
40,3167,399,199,442,225
11,3167,0,380,41,434
40,3168,398,199,440,224
11,3168,0,380,40,434
40,3169,398,198,438,223
11,3169,0,381,39,434
40,3170,397,198,437,223
11,3170,0,381,39,434
40,3171,396,197,435,223
11,3171,0,381,38,435
40,3172,395,197,434,222
11,3172,0,381,38,435
40,3173,394,196,432,222
11,3173,0,382,38,436
40,3174,393,196,430,222
11,3174,0,382,38,436
40,3175,392,195,429,222
11,3175,0,382,38,435
11,3176,0,382,38,435
11,3177,0,382,38,434
11,3178,0,382,38,433
11,3179,0,382,37,433
11,3180,0,382,37,433
11,3181,0,383,37,433
11,3182,0,383,37,433
11,3183,0,383,37,433
11,3184,0,383,37,433
11,3185,0,383,37,433
11,3186,0,383,37,433
11,3187,0,383,37,433
11,3188,0,383,37,433
11,3189,0,384,37,433
11,3190,0,384,38,433
11,3191,0,384,38,433
11,3192,0,384,38,432
11,3193,0,384,38,432
11,3194,0,384,38,432
11,3195,0,384,38,432
11,3196,0,384,38,432
51,3197,786,317,797,417
11,3197,0,384,38,432
51,3198,773,317,799,416
11,3198,0,384,38,431
51,3199,758,313,798,396
11,3199,0,384,38,431
51,3200,749,310,798,390
11,3200,0,384,38,431
11,3201,0,384,38,431
51,3201,733,305,795,395
11,3202,0,384,38,432
51,3202,723,302,799,385
11,3203,0,384,38,432
51,3203,713,300,799,376
11,3204,0,384,38,431
51,3204,702,297,799,369
11,3205,0,384,38,431
51,3205,692,292,799,363
11,3206,0,383,38,431
51,3206,682,290,799,359
11,3207,0,383,38,431
51,3207,669,287,798,354
11,3208,0,383,38,430
51,3208,662,284,792,349
11,3209,0,383,39,430
51,3209,654,281,783,345
11,3210,0,383,39,430
51,3210,650,279,773,343
11,3211,0,383,39,430
51,3211,635,278,758,337
11,3212,0,383,39,429
51,3212,627,275,748,333
11,3213,0,383,39,430
51,3213,622,272,740,331
11,3214,0,383,39,430
51,3214,610,267,725,327
11,3215,0,383,39,430
51,3215,603,267,717,325
11,3216,0,383,40,430
51,3216,595,266,710,322
11,3217,0,383,39,430
51,3217,583,263,698,319
11,3218,0,383,39,430
51,3218,580,262,689,316
11,3219,0,383,39,430
51,3219,574,259,680,313
11,3220,0,383,39,430
51,3220,566,257,676,310
11,3221,0,383,39,430
51,3221,559,254,661,308
51,3222,556,254,652,303
11,3222,0,383,39,430
51,3223,550,252,645,300
11,3223,0,383,40,431
51,3224,545,250,638,298
11,3224,0,383,40,431
51,3225,535,250,625,294
11,3225,0,382,40,431
51,3226,530,247,621,293
11,3226,0,382,40,431
51,3227,525,244,615,290
11,3227,0,383,40,431
51,3228,522,243,609,289
11,3228,0,383,40,430
51,3229,517,241,603,287
11,3229,0,382,40,430
51,3230,512,243,587,281
11,3230,0,382,40,429
51,3231,503,240,591,284
11,3231,0,382,40,428
51,3232,499,238,585,282
11,3232,0,382,40,428
51,3233,496,237,578,281
11,3233,0,382,40,428
51,3234,492,235,571,278
11,3234,0,382,40,427
51,3235,489,234,566,276
11,3235,0,382,40,427
51,3236,485,234,553,274
11,3236,0,382,40,427
51,3237,479,232,553,272
11,3237,0,382,40,427
51,3238,475,230,547,271
11,3238,0,382,40,427
51,3239,472,229,542,269
11,3239,0,382,40,427
51,3240,469,228,537,267
11,3240,0,382,40,427
51,3241,466,226,532,264
11,3241,0,382,40,426
51,3242,465,226,527,263
11,3242,0,383,40,426
51,3243,456,227,519,263
11,3243,0,383,40,426
51,3244,453,225,517,260
11,3244,0,383,41,426
51,3245,451,224,513,258
11,3245,0,383,41,426
51,3246,448,223,510,257
11,3246,0,383,41,426
51,3247,446,222,506,256
11,3247,0,383,41,426
51,3248,444,222,502,256
11,3248,0,383,41,426
51,3249,443,222,498,255
11,3249,0,383,41,426
51,3250,444,224,491,254
11,3250,0,383,41,426
51,3251,436,215,478,246
11,3251,0,383,41,427
51,3252,432,214,483,248
11,3252,0,383,41,427
51,3253,429,212,481,246
11,3253,0,383,41,426
51,3254,427,210,478,245
11,3254,0,383,41,425
51,3255,426,210,475,244
11,3255,0,383,41,425
51,3256,424,209,473,243
11,3256,0,383,41,425
51,3257,423,209,470,242
11,3257,0,384,41,425
51,3258,422,208,467,241
11,3258,0,384,41,425
51,3259,419,208,464,239
11,3259,0,384,41,425
51,3260,417,207,461,238
11,3260,0,384,42,426
51,3261,415,207,458,237
11,3261,0,383,42,426
51,3262,413,206,457,236
11,3262,0,383,42,426
51,3263,412,205,455,235
11,3263,0,383,42,426
51,3264,407,205,451,237
11,3264,0,383,42,426
51,3265,407,204,449,235
11,3265,0,384,42,426
51,3266,405,203,447,233
11,3266,0,384,42,426
51,3267,403,202,445,232
11,3267,0,384,42,426
51,3268,401,202,443,231
11,3268,0,384,42,426
51,3269,399,202,441,230
11,3269,0,384,42,426
51,3270,398,202,440,229
11,3270,0,383,43,426
51,3271,397,202,438,228
11,3271,0,384,43,426
51,3272,396,202,436,228
11,3272,0,384,43,425
51,3273,395,201,434,227
53,3273,780,309,796,397
11,3273,0,384,43,425
51,3274,394,200,432,226
53,3274,767,312,797,396
11,3274,0,384,43,426
51,3275,394,198,431,225
53,3275,756,313,798,390
11,3275,0,384,43,426
51,3276,393,198,429,224
53,3276,749,311,798,383
11,3276,0,384,43,426
51,3277,392,197,428,223
53,3277,732,311,796,378
11,3277,0,384,42,426
51,3278,391,197,427,221
11,3278,0,384,42,426
53,3278,721,306,799,382
51,3279,390,196,425,221
11,3279,0,384,43,426
53,3279,712,303,799,376
51,3280,388,196,423,220
11,3280,0,384,43,427
53,3280,701,300,799,370
11,3281,0,385,43,427
53,3281,691,292,799,363
11,3282,0,385,43,428
53,3282,680,291,799,359
11,3283,0,385,43,428
53,3283,668,290,799,354
11,3284,0,385,43,428
53,3284,660,288,796,350
11,3285,0,385,43,428
53,3285,652,285,789,346
11,3286,0,385,43,428
53,3286,645,284,781,343
11,3287,0,385,43,427
53,3287,634,281,765,335
11,3288,0,385,43,427
53,3288,626,278,756,332
11,3289,0,385,43,427
53,3289,618,276,749,329
11,3290,0,385,43,427
53,3290,605,271,735,323
11,3291,0,385,43,427
53,3291,601,270,724,323
11,3292,0,385,43,427
53,3292,593,268,715,320
11,3293,0,385,43,428
53,3293,578,265,705,316
11,3294,0,385,43,427
53,3294,579,264,695,314
11,3295,0,385,43,427
53,3295,574,262,686,311
11,3296,0,385,43,427
53,3296,567,261,680,308
11,3297,0,385,43,428
53,3297,552,259,671,304
53,3298,554,258,660,302
11,3298,0,385,43,428
53,3299,549,256,654,300
11,3299,0,385,43,427
53,3300,542,254,647,298
11,3300,0,385,43,427
53,3301,538,252,641,296
11,3301,0,384,43,427
53,3302,530,251,628,293
11,3302,0,384,43,427
53,3303,526,249,622,291
11,3303,0,384,43,427
53,3304,519,246,616,288
11,3304,0,384,43,427
53,3305,514,246,610,287
11,3305,0,384,43,427
53,3306,510,246,605,284
11,3306,0,384,43,427
53,3307,501,244,597,282
11,3307,0,384,43,426
53,3308,500,242,590,280
11,3308,0,384,43,426
53,3309,496,241,583,279
11,3309,0,384,43,426
53,3310,491,240,576,278
11,3310,0,384,43,426
53,3311,487,238,571,277
11,3311,0,384,42,426
53,3312,484,238,567,275
11,3312,0,384,43,426
53,3313,479,234,559,273
11,3313,0,384,43,426
53,3314,475,233,555,271
11,3314,0,385,43,426
53,3315,472,232,549,269
11,3315,0,385,43,425
53,3316,469,231,542,268
11,3316,0,385,43,425
53,3317,466,230,537,266
11,3317,0,384,43,425
53,3318,463,230,533,265
11,3318,0,384,43,425
53,3319,462,230,529,264
11,3319,0,384,43,425
53,3320,454,228,522,263
11,3320,0,383,43,424
53,3321,451,226,518,260
11,3321,0,383,43,423
53,3322,448,225,514,258
11,3322,0,383,43,421
53,3323,445,224,510,257
11,3323,0,383,43,420
53,3324,442,224,507,256
11,3324,0,383,43,420
53,3325,440,223,504,255
11,3325,0,383,43,420
53,3326,437,223,500,254
11,3326,0,383,43,420
53,3327,445,212,505,245
11,3327,0,384,44,421
53,3328,429,217,487,252
11,3328,0,384,45,422
53,3329,428,215,488,251
11,3329,0,384,46,424
53,3330,426,214,486,249
11,3330,0,385,47,428
53,3331,424,212,483,247
11,3331,0,399,51,458
53,3332,422,211,479,246
11,3332,0,396,53,459
53,3333,420,210,476,245
11,3333,0,394,54,460
53,3334,418,209,473,243
11,3334,0,393,56,461
53,3335,415,208,470,241
11,3335,0,392,57,461
53,3336,412,207,466,240
11,3336,0,392,59,461
53,3337,409,207,463,239
11,3337,0,392,60,462
53,3338,407,206,461,238
11,3338,0,392,63,461
53,3339,406,205,460,237
11,3339,0,390,65,461
53,3340,404,205,454,236
11,3340,0,389,67,461
53,3341,403,205,452,236
11,3341,0,379,70,459
53,3342,402,205,450,235
11,3342,0,381,46,431
53,3343,401,205,446,234
11,3343,0,379,73,460
53,3344,399,204,444,233
11,3344,0,378,75,460
53,3345,397,204,442,232
11,3345,0,377,77,460
53,3346,396,203,441,231
11,3346,0,376,80,461
53,3347,394,203,439,230
11,3347,0,375,83,461
53,3348,392,202,437,229
11,3348,0,376,86,461
53,3349,391,201,435,228
11,3349,1,388,86,462
53,3350,390,201,433,227
11,3350,1,388,88,463
53,3351,388,200,432,226
11,3351,0,388,92,463
53,3352,387,199,430,225
11,3352,0,387,95,463
53,3353,386,199,429,224
11,3353,0,388,99,462
53,3354,384,198,428,223
11,3354,0,389,101,461
53,3355,383,198,427,223
11,3355,0,390,105,460
53,3356,382,197,425,222
11,3356,0,379,33,423
53,3357,381,197,424,222
11,3357,0,379,32,423
53,3358,380,197,422,221
11,3358,0,379,32,424
53,3359,380,195,416,221
11,3359,0,379,33,425
11,3360,0,380,37,425
11,3361,0,379,40,426
55,3361,1,392,127,463
11,3362,0,379,43,426
55,3362,1,393,130,463
11,3363,0,378,44,426
55,3363,0,393,134,463
11,3364,0,377,44,427
55,3364,1,392,137,464
11,3365,0,377,43,428
55,3365,2,392,141,464
11,3366,0,377,43,428
55,3366,3,393,145,464
11,3367,0,378,43,427
55,3367,4,393,148,464
11,3368,0,378,43,428
55,3368,7,393,150,464
11,3369,1,378,43,429
55,3369,9,394,152,465
11,3370,1,377,42,430
55,3370,12,394,154,465
11,3371,1,377,43,429
55,3371,16,395,155,466
11,3372,1,377,43,428
55,3372,19,395,156,466
11,3373,1,377,43,427
55,3373,22,396,156,466
11,3374,0,378,44,426
55,3374,31,396,159,469
11,3375,0,378,44,425
55,3375,32,396,160,469
11,3376,0,378,44,425
55,3376,35,397,162,470
11,3377,0,378,44,425
55,3377,38,398,164,470
11,3378,0,379,44,425
55,3378,41,398,165,470
11,3379,0,379,44,425
55,3379,44,397,166,470
11,3380,0,379,44,425
55,3380,48,396,166,471
11,3381,0,379,44,426
55,3381,53,395,167,471
11,3382,0,379,44,426
55,3382,56,395,166,471
11,3383,0,379,43,426
55,3383,59,396,162,470
11,3384,0,380,43,426
55,3384,62,397,160,469
11,3385,0,379,43,426
55,3385,65,399,160,468
11,3386,0,380,42,425
55,3386,67,399,165,468
11,3387,0,380,42,425
55,3387,67,400,202,472
11,3388,0,380,42,425
55,3388,70,399,208,474
11,3389,0,380,42,425
55,3389,83,396,237,478
11,3390,0,380,42,425
55,3390,84,397,242,479
11,3391,0,379,43,425
55,3391,86,397,247,479
11,3392,0,379,43,426
55,3392,89,398,250,480
11,3393,0,379,43,426
55,3393,91,399,254,481
11,3394,0,379,43,426
55,3394,111,398,271,478
11,3395,0,379,43,426
55,3395,113,399,275,480
11,3396,0,379,43,426
55,3396,115,399,279,480
11,3397,0,379,43,427
55,3397,116,398,283,481
11,3398,0,380,43,427
55,3398,120,397,286,482
11,3399,0,380,43,427
55,3399,124,397,289,484
11,3400,0,380,43,427
55,3400,128,397,291,486
11,3401,0,380,43,427
55,3401,140,396,301,482
11,3402,0,380,43,427
55,3402,140,397,306,483
11,3403,0,380,42,427
55,3403,142,398,312,484
11,3404,0,380,42,427
55,3404,147,398,318,484
11,3405,0,380,42,427
55,3405,151,399,323,485
11,3406,0,380,42,427
55,3406,154,399,328,486
11,3407,0,380,42,427
55,3407,163,397,336,487
11,3408,0,380,42,427
55,3408,164,398,340,489
11,3409,0,380,42,427
55,3409,164,399,345,491
11,3410,0,380,42,426
55,3410,164,399,351,493
11,3411,0,380,42,426
55,3411,155,400,365,494
11,3412,0,380,42,426
55,3412,158,401,370,495
11,3413,0,380,42,427
55,3413,163,402,374,495
11,3414,0,380,42,427
55,3414,189,398,377,501
11,3415,0,380,42,427
55,3415,177,401,393,500
11,3416,0,380,42,427
55,3416,200,407,391,505
11,3417,0,380,42,427
55,3417,205,406,397,507
11,3418,0,380,42,427
55,3418,212,407,410,509
11,3419,0,380,42,427
55,3419,215,406,416,512
11,3420,0,380,42,427
55,3420,218,405,421,514
11,3421,0,380,42,427
55,3421,223,406,425,516
58,3422,789,277,797,369
11,3422,0,379,42,426
55,3422,227,407,431,516
58,3423,779,283,797,366
11,3423,0,379,42,426
55,3423,229,409,437,517
58,3424,770,287,798,363
11,3424,0,380,42,426
55,3424,239,410,448,520
58,3425,762,287,798,362
11,3425,0,380,42,426
55,3425,242,411,453,522
58,3426,755,286,798,362
11,3426,0,380,41,426
55,3426,247,411,459,524
58,3427,750,285,799,360
11,3427,0,380,41,426
55,3427,251,413,466,526
58,3428,734,287,797,363
11,3428,0,380,41,426
55,3428,257,414,470,527
11,3429,0,380,41,426
58,3429,727,281,798,363
55,3429,265,415,482,531
11,3430,0,380,41,426
58,3430,718,280,799,361
55,3430,268,416,488,533
11,3431,0,380,41,426
58,3431,708,279,799,359
55,3431,273,418,496,535
11,3432,0,380,41,426
58,3432,699,279,799,360
55,3432,279,419,504,537
11,3433,0,380,40,426
58,3433,689,280,799,360
55,3433,285,420,507,540
11,3434,0,380,40,426
58,3434,682,280,799,362
55,3434,294,419,517,543
11,3435,0,380,40,426
58,3435,667,280,799,361
55,3435,295,422,526,550
11,3436,0,380,40,426
58,3436,659,279,799,361
55,3436,300,423,534,552
11,3437,0,380,40,426
58,3437,650,279,799,361
55,3437,305,423,541,555
11,3438,0,380,39,426
58,3438,641,279,799,363
55,3438,317,425,551,560
11,3439,0,380,39,426
58,3439,631,279,798,364
55,3439,318,426,557,564
11,3440,0,380,39,426
58,3440,624,278,797,364
55,3440,322,428,565,566
11,3441,0,380,38,426
58,3441,612,280,789,364
55,3441,330,430,572,568
11,3442,0,380,38,426
58,3442,602,281,782,364
55,3442,339,433,574,570
11,3443,0,380,38,426
58,3443,594,280,773,364
55,3443,344,435,590,571
11,3444,0,380,38,426
58,3444,578,281,762,364
55,3444,349,437,599,573
11,3445,0,380,39,426
58,3445,569,282,754,365
55,3445,357,439,606,575
11,3446,0,380,39,427
58,3446,562,280,745,366
55,3446,364,441,611,576
11,3447,0,380,39,427
58,3447,544,283,734,366
55,3447,372,444,626,574
11,3448,0,380,39,427
58,3448,536,283,724,367
55,3448,380,446,631,575
11,3449,0,380,39,427
58,3449,528,282,715,367
55,3449,390,446,634,576
11,3450,0,380,40,427
58,3450,512,285,703,366
55,3450,392,450,643,588
11,3451,0,380,40,427
58,3451,504,285,693,367
55,3451,401,453,662,588
11,3452,0,380,41,427
58,3452,498,284,683,367
55,3452,406,455,668,588
11,3453,0,379,42,427
58,3453,480,287,670,367
55,3453,415,458,670,588
11,3454,0,379,42,427
58,3454,472,285,660,369
55,3454,412,463,717,588
11,3455,0,379,43,427
58,3455,466,285,651,368
55,3455,426,467,706,588
11,3456,0,380,44,428
58,3456,448,291,637,373
55,3456,437,471,695,588
59,3457,754,218,796,303
11,3457,0,380,46,428
58,3457,437,291,628,373
55,3457,448,474,690,588
59,3458,753,214,795,305
11,3458,0,380,47,429
58,3458,424,291,611,374
55,3458,454,480,693,588
59,3459,754,210,794,304
11,3459,0,379,48,429
58,3459,418,292,602,374
55,3459,454,484,734,587
11,3460,0,379,49,429
59,3460,733,207,799,303
58,3460,408,292,594,374
55,3460,463,490,732,587
11,3461,0,378,50,428
59,3461,730,202,799,304
58,3461,395,292,579,375
55,3461,471,495,734,585
11,3462,0,377,51,427
59,3462,727,200,799,306
58,3462,387,293,570,375
55,3462,477,499,737,585
11,3463,0,376,52,427
59,3463,724,199,799,308
58,3463,377,294,561,375
55,3463,488,500,765,584
11,3464,0,376,54,426
59,3464,721,200,799,310
58,3464,362,295,547,376
55,3464,496,508,757,589
11,3465,0,375,56,426
59,3465,718,197,799,309
58,3465,355,296,537,377
55,3465,505,511,754,589
11,3466,0,375,57,427
59,3466,712,195,799,308
58,3466,347,295,528,376
55,3466,511,515,755,587
11,3467,3,376,61,426
59,3467,707,194,799,306
58,3467,331,296,517,377
55,3467,523,519,789,590
11,3468,2,375,62,426
59,3468,700,193,799,305
58,3468,326,296,506,377
55,3468,532,524,784,589
11,3469,2,374,64,426
59,3469,696,192,799,305
58,3469,318,296,495,378
55,3469,538,530,782,589
11,3470,2,373,65,426
59,3470,693,192,799,305
58,3470,303,298,484,378
55,3470,555,534,756,589
11,3471,2,373,67,426
59,3471,691,193,799,304
58,3471,298,298,472,378
11,3472,2,373,69,426
59,3472,688,192,799,304
58,3472,290,298,462,378
11,3473,2,373,71,426
59,3473,685,193,799,304
58,3473,274,300,450,379
11,3474,3,373,73,426
59,3474,682,194,799,303
58,3474,268,300,439,380
11,3475,2,373,75,426
59,3475,680,197,799,301
58,3475,260,299,430,380
11,3476,2,372,77,426
59,3476,672,199,790,300
58,3476,243,301,419,380
11,3477,2,371,80,427
59,3477,667,198,791,300
58,3477,238,301,408,381
11,3478,1,371,82,427
59,3478,662,198,792,300
58,3478,231,301,399,381
11,3479,1,371,85,427
59,3479,657,198,794,301
58,3479,217,304,386,380
11,3480,1,372,87,426
59,3480,655,199,795,301
58,3480,212,303,376,383
11,3481,1,371,90,425
59,3481,652,199,797,302
58,3481,205,303,366,382
11,3482,2,372,92,424
59,3482,649,199,797,302
58,3482,192,307,352,381
59,3483,645,200,797,302
58,3483,187,305,343,383
11,3483,1,370,95,429
59,3484,642,200,795,300
58,3484,180,305,334,382
11,3484,1,371,98,428
59,3485,639,200,795,299
58,3485,175,305,326,382
11,3485,1,371,100,428
59,3486,635,201,794,298
58,3486,160,307,312,383
11,3486,1,371,102,428
59,3487,631,203,795,296
58,3487,153,306,303,383
11,3487,2,370,105,428
59,3488,628,203,796,297
58,3488,146,307,296,382
11,3488,2,370,108,428
59,3489,621,200,784,299
58,3489,134,311,284,383
11,3489,2,370,111,428
59,3490,618,200,784,300
58,3490,127,311,276,384
11,3490,1,370,115,428
59,3491,617,199,784,299
58,3491,120,311,267,384
11,3491,0,369,117,428
59,3492,613,199,784,298
58,3492,107,312,254,383
11,3492,6,367,122,428
58,3493,104,312,246,384
11,3493,6,367,126,428
59,3493,594,197,799,306
58,3494,97,312,238,384
11,3494,8,367,129,428
59,3494,590,198,799,306
58,3495,91,313,230,385
11,3495,10,368,133,428
59,3495,585,200,799,306
58,3496,76,315,220,385
11,3496,12,369,137,427
59,3496,582,200,799,305
58,3497,75,315,213,385
11,3497,15,368,141,427
59,3497,579,201,799,302
58,3498,71,315,203,384
11,3498,18,368,144,427
59,3498,575,200,799,300
58,3499,67,316,195,382
11,3499,21,367,147,427
59,3499,571,200,799,299
58,3500,46,319,186,380
11,3500,25,368,148,428
59,3500,567,200,799,298
58,3501,41,321,178,379
11,3501,30,367,164,428
59,3501,564,201,799,298
58,3502,35,321,170,380
11,3502,32,365,166,429
59,3502,561,202,799,297
58,3503,31,322,163,383
11,3503,34,363,168,431
59,3503,559,201,785,300
58,3504,23,322,150,384
11,3504,37,363,169,433
59,3504,559,200,783,299
58,3505,18,322,143,386
11,3505,41,363,169,434
59,3505,557,199,779,298
58,3506,12,322,135,387
11,3506,47,364,169,434
59,3506,554,198,776,297
58,3507,9,323,127,389
11,3507,53,365,169,434
59,3507,549,197,774,296
58,3508,10,322,118,391
11,3508,59,365,170,434
59,3508,545,196,772,296
58,3509,2,320,110,391
11,3509,64,365,171,432
59,3509,542,195,768,297
58,3510,0,322,104,391
11,3510,67,364,189,434
59,3510,540,194,764,297
58,3511,0,323,98,391
11,3511,69,363,191,434
59,3511,539,194,761,298
59,3512,548,202,733,291
58,3512,0,323,92,390
11,3512,72,365,192,434
59,3513,545,202,730,290
58,3513,0,324,86,390
11,3513,77,365,194,433
58,3514,0,326,77,386
59,3514,542,201,726,289
11,3514,82,365,196,433
58,3515,0,326,71,388
59,3515,539,200,723,289
11,3515,87,364,198,432
58,3516,0,326,66,390
59,3516,535,198,720,289
11,3516,106,362,233,447
58,3517,0,325,54,388
59,3517,532,197,717,289
11,3517,109,362,235,448
58,3518,0,326,50,389
59,3518,529,197,714,289
58,3519,0,326,44,388
59,3519,528,197,711,288
58,3520,0,327,37,387
59,3520,526,198,698,288
58,3521,786,295,798,358
60,3521,0,326,30,388
59,3521,523,198,698,288
11,3521,128,359,273,439
58,3522,775,297,798,357
60,3522,0,325,23,390
59,3522,520,198,696,288
11,3522,129,358,280,438
58,3523,765,297,799,354
60,3523,0,333,18,398
59,3523,516,197,695,288
11,3523,134,356,284,440
58,3524,756,296,799,354
60,3524,0,333,12,403
59,3524,511,197,693,288
11,3524,155,361,289,434
58,3525,750,295,799,353
59,3525,508,196,689,288
11,3525,160,360,298,436
58,3526,733,295,797,354
61,3526,0,373,7,430
59,3526,505,196,686,287
11,3526,165,359,304,441
58,3527,727,295,797,355
61,3527,0,375,10,427
59,3527,503,195,684,287
11,3527,169,357,311,444
58,3528,719,296,798,352
61,3528,0,376,14,427
59,3528,500,195,683,286
11,3528,187,363,319,434
61,3529,0,376,17,427
59,3529,499,195,681,285
58,3529,705,291,799,354
11,3529,184,362,329,434
61,3530,0,376,21,425
59,3530,498,195,665,286
58,3530,695,292,799,354
11,3530,187,361,337,434
61,3531,0,376,24,424
59,3531,496,196,665,285
58,3531,686,291,799,356
11,3531,190,360,346,435
61,3532,0,375,26,422
59,3532,493,196,663,285
58,3532,669,290,799,356
11,3532,203,361,361,434
61,3533,0,374,29,422
59,3533,490,196,661,285
58,3533,662,291,799,357
11,3533,208,360,368,434
61,3534,0,373,31,422
59,3534,487,195,659,285
58,3534,652,292,798,358
11,3534,214,360,378,433
61,3535,0,373,34,422
59,3535,483,195,657,284
58,3535,644,292,792,359
11,3535,220,360,385,432
61,3536,0,373,37,421
62,3536,485,183,646,285
58,3536,623,293,783,357
11,3536,230,359,400,434
61,3537,0,372,40,422
62,3537,485,183,642,285
58,3537,621,295,772,359
11,3537,237,358,410,433
61,3538,0,372,43,423
62,3538,484,182,638,285
58,3538,611,295,763,360
11,3538,245,357,418,433
63,3539,462,198,493,225
61,3539,0,371,47,423
62,3539,484,182,635,284
58,3539,590,295,752,359
11,3539,256,357,434,434
61,3540,0,370,51,422
62,3540,481,181,634,284
58,3540,585,295,741,361
11,3540,262,356,443,434
61,3541,0,370,55,422
62,3541,471,184,630,282
58,3541,574,296,733,361
11,3541,271,355,451,434
61,3542,0,369,57,422
62,3542,470,183,628,281
58,3542,558,295,719,361
11,3542,282,355,467,435
61,3543,1,369,63,421
62,3543,470,182,625,280
58,3543,551,295,708,363
11,3543,290,355,476,434
61,3544,2,367,66,421
62,3544,470,182,622,280
58,3544,544,300,697,363
11,3544,299,354,485,434
61,3545,2,366,70,422
62,3545,469,182,618,278
58,3545,530,300,682,364
11,3545,313,355,501,435
61,3546,2,366,73,422
62,3546,469,181,613,278
58,3546,520,300,673,363
11,3546,321,354,511,435
61,3547,3,366,77,423
62,3547,467,180,609,277
58,3547,506,301,654,363
11,3547,328,352,520,436
61,3548,2,366,81,423
62,3548,465,180,605,277
58,3548,494,301,650,364
11,3548,344,352,535,437
61,3549,3,366,85,423
62,3549,463,180,602,276
58,3549,485,301,640,364
11,3549,352,352,546,437
64,3550,461,179,600,276
58,3550,467,303,626,364
61,3550,1,364,90,427
11,3550,370,355,563,435
62,3551,459,178,597,275
58,3551,460,304,616,364
61,3551,1,364,94,427
11,3551,375,355,573,435
62,3552,457,177,595,275
58,3552,453,304,607,364
61,3552,1,364,99,426
11,3552,381,355,584,436
62,3553,457,177,593,274
58,3553,437,305,591,364
61,3553,1,364,102,426
11,3553,404,360,595,433
62,3554,457,178,592,273
58,3554,430,305,581,364
61,3554,1,364,106,426
11,3554,410,359,606,434
62,3555,451,181,585,268
58,3555,410,307,565,362
61,3555,2,363,110,426
11,3555,418,357,614,434
66,3556,451,181,582,268
58,3556,404,306,557,364
61,3556,2,363,113,426
11,3556,439,354,627,434
66,3557,449,181,579,267
58,3557,397,305,545,367
61,3557,9,363,121,425
11,3557,447,352,635,435
66,3558,448,181,576,266
58,3558,378,306,533,368
61,3558,11,362,125,425
11,3558,452,350,643,436
66,3559,445,181,573,265
58,3559,373,306,522,370
11,3559,467,349,665,430
61,3559,14,362,130,425
66,3560,444,181,571,264
58,3560,365,307,511,371
11,3560,477,350,673,428
61,3560,17,362,135,425
66,3561,441,181,569,263
58,3561,348,309,497,372
11,3561,497,348,688,428
61,3561,21,362,141,425
66,3562,440,182,566,263
58,3562,342,309,486,372
11,3562,504,350,698,427
61,3562,26,361,145,426
66,3563,438,182,563,263
58,3563,335,309,476,374
11,3563,511,351,706,425
61,3563,33,361,156,426
66,3564,437,182,561,262
58,3564,319,310,461,373
11,3564,528,349,721,427
61,3564,35,361,159,426
66,3565,437,183,559,261
58,3565,311,310,450,373
11,3565,537,350,730,426
61,3565,39,360,161,427
66,3566,435,183,557,261
58,3566,305,311,441,375
11,3566,556,346,746,427
61,3566,45,360,164,428
66,3567,435,183,555,261
58,3567,289,311,426,375
11,3567,563,347,754,426
61,3567,50,359,166,429
67,3568,434,182,553,261
58,3568,281,312,416,375
11,3568,572,347,763,424
61,3568,57,358,168,430
67,3569,433,183,553,261
58,3569,264,314,403,376
11,3569,589,343,779,426
61,3569,63,358,168,432
67,3570,434,181,543,260
58,3570,259,313,392,378
11,3570,596,344,786,425
61,3570,68,358,191,437
67,3571,433,180,541,258
58,3571,251,314,382,378
11,3571,607,344,791,424
61,3571,70,357,195,436
67,3572,430,179,539,257
58,3572,236,316,369,377
11,3572,624,342,797,426
61,3572,72,357,198,435
67,3573,429,179,537,256
58,3573,231,315,359,380
11,3573,632,342,798,425
61,3573,76,356,199,436
67,3574,427,179,535,255
58,3574,223,315,349,380
61,3574,92,357,199,421
11,3574,642,341,799,425
67,3575,427,179,533,255
58,3575,208,317,336,379
61,3575,105,354,223,422
11,3575,653,341,799,424
67,3576,426,178,532,255
58,3576,203,316,328,380
61,3576,107,355,230,421
11,3576,663,339,799,424
67,3577,425,178,530,254
58,3577,197,317,317,378
61,3577,110,355,239,421
11,3577,680,338,799,424
69,3578,424,177,528,253
58,3578,191,318,311,377
61,3578,113,354,246,421
11,3578,690,337,799,424
69,3579,423,177,526,252
58,3579,175,318,298,375
61,3579,118,351,274,419
11,3579,703,336,799,423
67,3580,423,176,525,251
58,3580,169,319,287,373
61,3580,124,346,280,419
11,3580,715,333,799,422
70,3581,779,272,799,352
67,3581,422,176,523,250
58,3581,157,319,283,373
11,3581,726,330,799,423
61,3581,132,354,279,443
70,3582,770,275,799,350
11,3582,752,339,799,421
67,3582,421,176,522,250
58,3582,141,324,270,376
61,3582,167,358,285,436
70,3583,760,270,799,352
11,3583,751,340,799,426
67,3583,419,176,521,249
58,3583,136,324,260,375
61,3583,169,357,292,436
70,3584,754,264,799,353
11,3584,763,343,799,426
67,3584,418,175,520,248
58,3584,130,324,252,377
61,3584,172,355,298,440
11,3585,775,344,798,426
67,3585,417,175,519,248
71,3585,745,242,799,375
58,3585,118,323,236,380
61,3585,175,352,302,443
11,3586,788,351,797,450
67,3586,416,175,518,247
71,3586,727,228,799,356
58,3586,113,324,227,382
61,3586,178,349,303,448
67,3587,415,175,517,247
71,3587,721,229,799,356
58,3587,106,325,219,383
61,3587,186,354,326,435
67,3588,414,174,516,247
71,3588,715,226,799,359
58,3588,101,326,213,383
61,3588,187,353,338,435
67,3589,414,174,515,247
71,3589,709,225,799,360
58,3589,90,325,199,384
61,3589,190,351,347,437
67,3590,414,173,514,247
73,3590,697,236,797,371
58,3590,83,326,190,384
61,3590,198,350,347,438
67,3591,414,173,513,247
73,3591,690,237,796,371
58,3591,76,328,183,384
61,3591,206,354,368,424
73,3592,669,239,799,368
58,3592,66,326,169,384
61,3592,213,353,375,425
73,3593,658,236,799,369
58,3593,60,328,161,385
61,3593,218,353,383,426
73,3594,647,237,799,368
58,3594,52,329,155,385
61,3594,228,351,396,427
73,3595,638,238,799,367
58,3595,46,330,149,385
61,3595,235,351,401,427
74,3596,410,175,499,242
73,3596,638,227,799,364
58,3596,39,329,135,386
61,3596,243,351,411,426
74,3597,409,176,498,242
73,3597,631,228,799,362
58,3597,34,331,128,386
61,3597,247,350,420,426
74,3598,408,177,497,241
58,3598,27,332,121,386
61,3598,260,349,431,427
73,3598,605,235,798,371
74,3599,408,177,496,241
58,3599,21,332,115,386
61,3599,268,349,438,427
73,3599,594,236,799,370
74,3600,407,176,495,241
58,3600,8,327,107,389
61,3600,274,348,447,428
73,3600,584,236,799,370
74,3601,406,176,493,241
58,3601,6,330,102,389
61,3601,285,346,461,429
73,3601,576,237,799,371
58,3602,2,338,92,388
74,3602,404,176,491,241
61,3602,292,347,467,428
73,3602,568,238,799,372
58,3603,1,339,85,388
74,3603,403,175,487,242
61,3603,300,348,476,428
73,3603,562,239,798,372
58,3604,1,340,78,387
74,3604,402,174,484,243
61,3604,304,348,485,428
73,3604,544,239,799,374
58,3605,2,341,71,387
61,3605,318,346,497,428
73,3605,537,239,795,374
58,3606,3,342,65,388
61,3606,327,347,504,428
73,3606,528,239,793,374
58,3607,4,343,61,390
61,3607,333,347,513,429
73,3607,518,239,792,373
58,3608,0,342,52,389
61,3608,346,344,529,429
73,3608,506,239,796,372
58,3609,0,342,44,389
61,3609,353,344,536,430
73,3609,490,240,785,373
58,3610,0,343,36,388
61,3610,361,344,545,431
73,3610,483,240,775,374
58,3611,0,344,30,388
61,3611,378,347,558,429
73,3611,474,240,769,374
58,3612,0,345,23,389
61,3612,384,348,567,429
73,3612,460,244,752,371
58,3613,0,345,17,391
61,3613,391,349,575,427
73,3613,454,243,743,371
58,3614,0,344,11,392
61,3614,411,349,588,425
73,3614,447,244,736,370
58,3615,0,343,6,393
61,3615,416,348,597,426
73,3615,424,248,724,365
61,3616,422,347,605,426
73,3616,419,247,713,369
61,3617,439,346,619,427
73,3617,403,247,690,370
61,3618,445,344,625,428
73,3618,398,246,679,370
61,3619,452,341,634,428
73,3619,393,248,669,370
61,3620,470,347,648,424
73,3620,376,249,653,373
61,3621,476,344,655,426
73,3621,370,249,644,375
61,3622,482,344,666,424
73,3622,361,250,639,375
61,3623,505,344,683,425
73,3623,337,250,623,382
61,3624,510,343,694,425
73,3624,330,251,614,382
61,3625,514,341,706,425
73,3625,319,256,593,383
61,3626,531,341,720,425
73,3626,311,256,589,383
61,3627,541,342,729,426
73,3627,303,257,581,381
61,3628,556,340,746,427
73,3628,299,258,573,380
61,3629,565,341,754,427
73,3629,284,262,560,380
61,3630,573,339,763,426
73,3630,276,263,552,378
61,3631,591,338,778,425
73,3631,270,263,543,377
61,3632,600,338,788,425
73,3632,254,264,528,381
61,3633,609,336,795,425
73,3633,245,264,522,379
61,3634,626,337,799,425
73,3634,240,264,512,378
61,3635,636,336,799,425
73,3635,224,265,498,383
61,3636,647,335,799,424
73,3636,215,266,492,381
61,3637,658,334,799,424
73,3637,211,266,480,379
61,3638,668,333,798,424
73,3638,198,268,465,381
61,3639,682,334,799,423
73,3639,190,268,458,380
61,3640,694,331,799,424
73,3640,186,267,446,378
61,3641,706,331,799,424
73,3641,168,267,430,382
61,3642,719,332,798,425
73,3642,161,267,424,381
61,3643,730,332,797,428
73,3643,156,267,413,380
61,3644,750,336,798,421
73,3644,144,267,395,382
61,3645,756,332,798,424
73,3645,137,267,389,381
61,3646,768,326,798,430
73,3646,131,267,379,381
61,3647,780,324,797,435
73,3647,121,268,361,382
73,3648,115,268,356,381
73,3649,109,270,346,380
73,3650,107,269,335,380
73,3651,99,272,317,379
73,3652,90,274,311,379
73,3653,83,275,303,379
73,3654,75,273,285,380
73,3655,71,274,279,380
73,3656,65,275,270,380
73,3657,60,274,262,380
73,3658,47,270,249,385
73,3659,44,270,241,385
73,3660,35,279,236,388
73,3661,31,281,227,387
73,3662,17,282,216,385
73,3663,13,282,210,385
73,3664,10,283,200,385
73,3665,10,286,190,384
73,3666,10,286,184,384
73,3667,0,287,179,384
73,3668,1,287,171,385
73,3669,2,288,163,386
73,3670,2,288,154,387
73,3671,1,289,147,386
73,3672,0,290,141,386
73,3673,1,291,133,387
73,3674,0,293,118,390
73,3675,1,291,113,390
73,3676,1,291,108,389
73,3677,1,291,102,389
73,3678,0,290,95,389
73,3679,1,289,87,391
73,3680,1,290,79,393
73,3681,2,291,71,396
73,3682,3,291,64,397
73,3683,2,287,52,403
73,3684,1,293,49,396
73,3685,2,293,42,398
73,3686,1,291,34,398
73,3687,0,289,26,398
73,3688,0,285,19,401
