0,1000,347,85,396,158
1,1000,287,283,339,365
0,1001,363,92,406,159
7,1001,242,227,276,282
8,1001,284,220,323,286
1,1001,288,232,334,343
9,1001,298,292,343,371
0,1002,364,92,406,159
7,1002,241,227,276,281
1,1002,287,235,333,342
9,1002,297,295,341,372
0,1003,364,92,406,159
7,1003,241,228,277,281
12,1003,247,228,292,312
1,1003,286,240,330,338
9,1003,296,299,339,371
0,1004,363,93,405,159
7,1004,241,228,278,280
12,1004,247,229,294,314
1,1004,285,242,329,337
9,1004,294,303,338,373
0,1005,363,93,405,159
7,1005,241,228,279,280
12,1005,247,228,296,316
1,1005,285,242,328,337
9,1005,243,298,292,373
0,1006,362,93,405,159
7,1006,241,227,279,281
12,1006,247,227,299,320
1,1006,283,238,329,341
9,1006,243,293,295,376
0,1007,287,67,320,118
15,1007,362,93,405,159
7,1007,240,227,279,281
12,1007,247,226,300,320
1,1007,283,236,329,343
9,1007,290,298,333,379
0,1008,287,69,319,120
15,1008,361,93,405,159
7,1008,240,227,280,281
12,1008,247,226,300,320
1,1008,282,236,330,346
9,1008,288,296,332,383
0,1009,288,71,318,122
15,1009,361,94,404,159
7,1009,240,228,280,281
12,1009,248,227,299,318
1,1009,282,238,329,345
9,1009,287,296,331,386
0,1010,288,72,318,123
15,1010,361,94,404,160
7,1010,240,228,280,282
12,1010,248,227,299,320
1,1010,281,238,329,346
9,1010,285,297,331,390
0,1011,289,72,319,123
15,1011,361,94,404,160
7,1011,241,227,281,282
12,1011,249,227,300,320
1,1011,281,239,327,342
9,1011,241,296,294,385
0,1012,289,72,320,123
15,1012,361,93,404,160
7,1012,241,227,282,282
12,1012,250,227,302,322
1,1012,282,240,327,339
9,1012,240,297,292,383
0,1013,289,72,322,124
15,1013,360,93,404,160
12,1013,250,228,304,323
1,1013,282,240,327,336
9,1013,239,297,293,380
0,1014,290,73,322,126
15,1014,360,93,404,160
12,1014,250,227,306,324
1,1014,281,240,327,335
9,1014,281,306,330,394
0,1015,290,74,323,128
15,1015,359,93,403,160
12,1015,250,228,306,322
1,1015,281,242,326,331
9,1015,281,307,329,395
0,1016,291,74,324,128
15,1016,359,93,403,160
12,1016,251,229,304,318
1,1016,282,243,325,326
9,1016,280,309,327,396
0,1017,292,72,326,126
15,1017,360,93,403,159
12,1017,252,230,302,314
1,1017,283,243,324,322
9,1017,280,312,325,397
0,1018,292,72,326,124
15,1018,384,66,428,127
12,1018,252,229,302,314
1,1018,284,241,324,320
9,1018,280,313,324,397
0,1019,292,73,326,124
15,1019,383,67,428,127
12,1019,252,228,302,314
1,1019,285,239,323,318
9,1019,288,328,327,401
0,1020,292,75,325,125
15,1020,360,93,404,158
12,1020,251,227,303,313
1,1020,284,238,323,318
9,1020,288,329,325,401
0,1021,292,77,324,127
15,1021,360,93,403,157
12,1021,250,226,305,313
1,1021,283,238,324,316
9,1021,287,331,325,400
15,1022,293,89,324,144
0,1022,359,93,402,158
12,1022,248,225,309,313
1,1022,281,239,324,317
9,1022,287,332,324,399
15,1023,294,89,324,144
0,1023,359,93,402,158
12,1023,246,224,312,315
9,1023,287,334,324,398
15,1024,295,90,324,144
0,1024,359,92,402,158
12,1024,244,223,314,315
9,1024,286,337,323,396
15,1025,296,91,324,143
0,1025,359,93,402,157
12,1025,243,224,315,314
9,1025,285,339,322,395
15,1026,297,91,324,143
0,1026,359,94,402,157
12,1026,242,226,316,314
9,1026,283,340,321,396
15,1027,299,91,325,143
0,1027,359,94,402,157
12,1027,243,228,316,314
9,1027,281,341,319,399
15,1028,301,92,328,143
0,1028,358,94,402,157
12,1028,243,229,314,314
9,1028,280,342,318,401
15,1029,303,92,331,142
0,1029,358,94,401,156
12,1029,242,231,311,312
9,1029,260,330,309,413
15,1030,305,93,332,142
0,1030,359,94,401,156
12,1030,242,233,308,310
9,1030,279,345,316,407
15,1031,306,93,332,141
0,1031,360,95,400,155
12,1031,241,236,303,307
9,1031,279,347,317,409
15,1032,308,94,333,140
0,1032,360,95,399,155
12,1032,241,239,299,304
9,1032,257,334,312,416
15,1033,309,94,335,140
0,1033,361,95,399,154
12,1033,241,241,296,302
9,1033,256,336,312,415
15,1034,310,94,338,140
0,1034,361,95,399,153
12,1034,243,240,299,302
9,1034,255,338,310,413
15,1035,312,95,340,140
0,1035,362,95,399,153
12,1035,244,241,302,304
9,1035,255,339,310,412
15,1036,315,96,341,140
0,1036,362,95,399,153
12,1036,244,241,306,305
9,1036,254,339,310,411
15,1037,317,96,343,140
0,1037,362,95,399,153
12,1037,243,244,303,306
9,1037,253,338,310,412
15,1038,318,96,345,140
0,1038,363,95,399,154
12,1038,242,246,300,305
9,1038,252,338,309,411
15,1039,319,97,346,140
0,1039,363,94,400,154
12,1039,241,247,298,306
9,1039,251,337,307,412
15,1040,319,97,347,139
0,1040,363,94,400,155
9,1040,249,337,304,413
15,1041,319,97,347,138
0,1041,364,93,401,155
15,1042,320,96,347,139
0,1042,364,92,401,155
15,1043,320,95,347,139
0,1043,364,92,402,155
15,1044,320,95,348,139
0,1044,364,93,402,154
9,1044,254,345,301,420
15,1045,321,95,348,139
0,1045,364,93,402,154
9,1045,253,346,299,422
15,1046,322,96,349,139
0,1046,363,93,402,154
9,1046,251,346,298,423
15,1047,323,96,349,139
0,1047,362,93,401,154
9,1047,248,345,297,425
15,1048,324,96,350,140
0,1048,362,93,400,154
9,1048,245,348,297,427
15,1049,325,96,350,140
0,1049,362,93,400,154
9,1049,244,350,298,429
15,1050,326,96,351,141
0,1050,361,93,398,154
9,1050,241,351,298,430
15,1051,326,96,352,141
0,1051,360,93,397,153
9,1051,242,352,297,431
15,1052,326,96,353,141
0,1052,358,94,395,152
9,1052,242,355,296,432
15,1053,326,97,354,139
0,1053,355,95,393,151
9,1053,244,359,295,434
0,1054,353,96,391,150
9,1054,246,363,294,435
0,1055,352,97,391,149
9,1055,246,365,292,437
9,1056,244,365,291,439
9,1057,241,363,290,441
21,1057,938,632,992,700
9,1058,238,363,288,442
21,1058,939,631,993,699
9,1059,235,362,286,441
9,1060,234,362,284,440
22,1060,943,627,995,699
0,1061,352,99,395,152
9,1061,232,360,284,441
0,1062,352,99,395,153
9,1062,230,359,284,443
0,1063,351,99,396,154
9,1063,235,279,296,372
0,1064,351,99,396,155
9,1064,235,281,294,369
23,1064,225,361,283,446
0,1065,351,98,396,155
9,1065,236,282,292,367
23,1065,231,374,284,454
0,1066,351,97,395,154
23,1066,230,375,283,455
0,1067,351,96,396,154
23,1067,229,375,283,455
0,1068,350,95,397,153
23,1068,228,375,283,456
0,1069,350,96,399,153
23,1069,228,376,282,456
24,1069,958,613,1023,671
0,1070,351,96,401,153
23,1070,229,377,281,456
24,1070,959,611,1025,671
0,1071,352,97,402,154
23,1071,229,377,281,456
24,1071,960,610,1028,671
0,1072,353,97,402,154
23,1072,205,377,268,453
24,1072,962,609,1030,670
0,1073,353,97,401,154
23,1073,203,376,268,454
0,1074,354,97,401,153
23,1074,204,348,267,446
0,1075,354,96,401,154
23,1075,236,290,295,378
24,1075,967,605,1034,670
0,1076,355,96,402,154
23,1076,237,290,296,380
24,1076,969,602,1034,670
0,1077,355,95,403,154
23,1077,237,289,298,381
24,1077,972,601,1034,669
25,1078,211,376,260,454
24,1078,973,601,1035,668
25,1079,212,377,260,454
24,1079,974,600,1035,668
25,1080,212,378,260,456
24,1080,976,597,1035,665
25,1081,212,378,260,459
24,1081,979,595,1035,663
25,1082,211,378,260,460
24,1082,982,593,1036,660
25,1083,210,379,261,461
24,1083,984,591,1039,658
25,1084,210,379,261,461
24,1084,985,589,1042,657
25,1085,209,380,261,462
24,1085,986,586,1044,657
25,1086,208,381,259,461
24,1086,987,585,1045,657
25,1087,207,382,258,461
24,1087,988,584,1047,658
25,1088,206,383,256,461
24,1088,988,582,1050,660
25,1089,205,381,255,461
24,1089,990,581,1053,661
25,1090,205,379,253,462
24,1090,991,580,1056,661
25,1091,204,380,251,463
24,1091,992,579,1058,660
25,1092,202,381,250,463
24,1092,1008,578,1068,657
24,1093,1007,576,1070,657
24,1094,1008,574,1072,656
25,1095,199,377,245,465
24,1095,1007,573,1076,658
25,1096,198,381,244,467
24,1096,1008,573,1080,660
25,1097,198,385,244,468
24,1097,1010,572,1083,663
25,1098,196,387,244,471
24,1098,1013,571,1085,665
25,1099,195,387,243,474
24,1099,1015,567,1077,629
25,1100,193,384,243,478
24,1100,1016,565,1081,628
25,1101,192,386,243,479
24,1101,1017,564,1085,628
25,1102,191,383,243,483
24,1102,1019,562,1088,627
25,1103,189,381,243,486
24,1103,1021,561,1091,628
25,1104,186,376,244,490
24,1104,1022,560,1092,629
25,1105,185,377,243,489
24,1105,1024,558,1093,628
25,1106,185,376,242,488
24,1106,1027,557,1094,627
25,1107,184,378,240,487
25,1108,183,377,239,487
25,1109,181,377,238,489
24,1109,1038,552,1098,624
25,1110,179,377,235,489
24,1110,1044,553,1099,622
25,1111,178,378,232,490
24,1111,1047,554,1101,620
25,1112,176,379,230,489
24,1112,1050,554,1103,618
25,1113,169,384,219,472
24,1113,1051,554,1105,618
25,1114,169,385,219,474
24,1114,1052,552,1107,618
28,1115,394,144,424,207
25,1115,169,387,218,479
24,1115,1060,543,1114,614
28,1116,378,92,421,168
25,1116,169,388,218,482
24,1116,1059,545,1116,615
28,1117,379,92,421,166
25,1117,169,389,218,484
24,1117,1060,544,1118,614
28,1118,380,93,423,164
25,1118,168,386,219,484
24,1118,1062,543,1119,612
30,1118,68,608,115,670
28,1119,379,94,424,163
25,1119,167,385,220,485
24,1119,1065,540,1119,610
28,1120,379,94,425,161
25,1120,165,385,221,486
24,1120,1068,540,1119,610
28,1121,379,94,426,159
25,1121,164,385,222,485
24,1121,1070,540,1119,610
28,1122,379,95,426,156
25,1122,163,384,224,485
24,1122,1072,540,1121,611
28,1123,379,96,427,155
25,1123,163,385,225,487
24,1123,1074,540,1122,610
28,1124,380,96,428,155
25,1124,163,387,225,490
24,1124,1076,539,1124,610
28,1125,380,95,429,156
25,1125,163,389,224,492
24,1125,1077,538,1125,608
31,1125,81,593,129,660
28,1126,382,96,429,157
25,1126,163,389,221,494
24,1126,1080,537,1128,607
31,1126,80,594,129,660
28,1127,383,96,429,157
25,1127,163,390,218,497
24,1127,1082,536,1132,605
31,1127,81,595,129,660
28,1128,385,97,430,157
25,1128,163,390,216,500
24,1128,1084,536,1135,606
31,1128,82,593,133,660
28,1129,386,97,430,156
25,1129,163,392,215,500
24,1129,1085,535,1136,606
31,1129,85,590,137,658
28,1130,387,97,430,156
25,1130,161,394,214,500
24,1130,1086,535,1139,607
31,1130,87,587,142,657
28,1131,389,97,429,156
25,1131,159,395,213,499
24,1131,1087,535,1141,608
31,1131,90,586,143,655
28,1132,390,98,430,155
25,1132,164,417,209,520
24,1132,1087,536,1143,608
31,1132,96,585,142,653
28,1133,391,98,430,154
25,1133,162,420,208,519
24,1133,1088,536,1143,607
28,1134,392,98,430,154
25,1134,161,420,207,520
24,1134,1088,535,1144,607
28,1135,390,97,430,154
25,1135,159,419,205,522
24,1135,1088,534,1144,607
28,1136,389,96,430,155
25,1136,157,415,203,525
24,1136,1088,533,1145,606
28,1137,386,96,431,155
25,1137,156,414,201,525
28,1138,384,95,431,155
25,1138,155,412,202,526
28,1139,382,95,430,156
25,1139,153,410,202,528
28,1140,383,96,430,157
25,1140,151,411,203,529
28,1141,364,102,404,152
25,1141,150,417,203,528
28,1142,364,102,403,152
25,1142,149,423,201,527
28,1143,364,102,403,151
25,1143,141,395,191,490
24,1143,1130,539,1175,609
25,1144,146,426,195,526
24,1144,1131,537,1177,611
25,1145,145,425,193,528
33,1145,129,558,174,637
24,1145,1133,536,1180,613
25,1146,143,424,192,530
33,1146,132,558,172,634
24,1146,1134,537,1183,618
25,1147,141,425,189,532
24,1147,1135,538,1187,622
25,1148,140,426,186,534
24,1148,1136,540,1189,625
25,1149,140,427,184,537
24,1149,1137,540,1190,623
25,1150,140,429,184,541
24,1150,1138,539,1193,625
25,1151,140,431,184,546
24,1151,1140,537,1196,628
25,1152,139,435,183,548
24,1152,1142,535,1199,632
25,1153,139,440,181,549
24,1153,1144,533,1200,631
25,1154,138,445,178,549
24,1154,1146,532,1202,631
25,1155,136,447,176,552
35,1155,144,526,182,613
24,1155,1157,529,1222,646
25,1156,134,446,174,554
35,1156,145,527,185,612
24,1156,1158,526,1224,647
25,1157,132,443,175,555
24,1157,1159,525,1226,650
25,1158,131,440,177,554
24,1158,1159,525,1228,652
25,1159,129,440,178,553
24,1159,1160,524,1229,655
25,1160,128,442,180,552
24,1160,1149,519,1244,708
25,1161,128,446,179,550
24,1161,1150,521,1244,708
25,1162,134,482,186,580
24,1162,1152,523,1245,709
25,1163,119,477,169,564
24,1163,1153,524,1246,710
25,1164,119,479,167,565
24,1164,1153,523,1247,711
25,1165,120,478,165,565
24,1165,1153,523,1248,710
25,1166,121,478,163,565
24,1166,1152,523,1248,709
25,1167,121,478,162,565
24,1167,1151,523,1248,709
25,1168,121,475,161,565
24,1168,1151,521,1250,709
25,1169,119,473,161,565
36,1169,157,501,204,591
24,1169,1150,519,1250,710
25,1170,118,471,159,565
36,1170,158,501,209,590
24,1170,1150,521,1250,710
25,1171,116,475,157,566
36,1171,180,505,221,583
25,1172,114,477,157,569
36,1172,181,504,223,584
25,1173,113,478,156,569
36,1173,182,506,223,582
24,1173,1155,525,1248,711
25,1174,111,478,156,570
36,1174,185,506,222,580
24,1174,1156,523,1250,712
25,1175,108,477,156,570
36,1175,187,507,222,577
24,1175,1156,522,1253,712
25,1176,105,477,156,573
36,1176,191,504,223,575
25,1177,102,477,155,574
24,1177,1225,504,1263,584
25,1178,99,475,155,575
36,1178,194,499,227,572
24,1178,1226,504,1264,581
25,1179,96,475,155,575
36,1179,194,497,230,570
24,1179,1228,505,1267,581
25,1180,94,474,154,577
36,1180,195,494,231,568
24,1180,1230,506,1269,579
25,1181,94,477,151,577
36,1181,195,493,231,568
24,1181,1233,508,1271,578
25,1182,92,476,147,578
36,1182,196,491,232,569
24,1182,1237,508,1273,577
38,1183,389,154,428,222
25,1183,90,475,144,577
36,1183,197,488,235,570
24,1183,1241,507,1275,576
38,1184,389,153,428,221
25,1184,87,471,143,578
36,1184,199,486,238,571
24,1184,1243,506,1277,575
38,1185,389,153,428,221
25,1185,85,471,143,578
24,1185,1244,508,1278,575
38,1186,389,153,429,220
25,1186,84,472,141,578
36,1186,202,486,240,565
24,1186,1245,510,1279,574
38,1187,462,123,499,176
40,1187,166,422,214,472
25,1187,94,448,142,536
36,1187,204,486,241,562
24,1187,1248,510,1279,576
38,1188,464,123,500,176
40,1188,166,423,213,474
25,1188,94,450,141,534
36,1188,208,486,242,558
24,1188,1251,509,1279,577
38,1189,466,123,500,174
40,1189,164,425,211,476
25,1189,94,452,139,534
41,1189,153,428,200,512
36,1189,211,483,244,556
24,1189,1253,508,1279,579
38,1190,467,121,500,172
25,1190,93,454,138,534
41,1190,154,427,201,512
36,1190,213,480,246,554
24,1190,1254,508,1279,580
38,1191,469,120,501,171
25,1191,93,457,136,533
41,1191,155,427,202,510
36,1191,215,477,249,553
24,1191,1256,506,1279,581
38,1192,470,120,502,171
25,1192,91,458,136,534
41,1192,156,427,201,509
36,1192,215,475,252,555
24,1192,1258,504,1279,581
38,1193,469,120,503,172
25,1193,78,488,136,588
36,1193,216,472,253,558
24,1193,1259,501,1279,582
38,1194,468,120,505,173
25,1194,78,486,137,589
36,1194,217,469,253,559
38,1195,479,116,512,179
36,1195,214,459,256,543
25,1195,78,486,136,589
38,1196,479,118,512,177
36,1196,215,460,256,540
25,1196,77,485,134,589
38,1197,480,119,512,176
36,1197,216,459,259,541
25,1197,77,485,132,590
38,1198,480,120,512,175
25,1198,86,462,128,537
36,1198,216,458,260,540
38,1199,480,121,513,175
25,1199,86,463,128,536
38,1200,480,121,514,176
25,1200,85,462,128,537
38,1201,480,121,515,176
25,1201,83,462,127,539
25,1202,82,460,128,542
25,1203,75,481,128,590
25,1204,75,482,128,590
25,1205,71,488,120,582
25,1206,70,493,119,583
25,1207,69,495,117,587
25,1208,68,497,116,591
44,1209,247,445,281,517
25,1209,67,499,116,592
44,1210,248,444,284,516
25,1210,65,499,117,594
44,1211,251,442,287,517
25,1211,60,498,117,592
44,1212,255,439,291,516
25,1212,54,523,121,609
25,1213,53,495,114,590
25,1214,52,525,121,610
25,1215,49,529,122,609
25,1217,48,492,109,582
25,1218,47,492,108,585
46,1219,492,120,526,181
25,1219,46,492,106,586
46,1220,493,121,526,181
25,1220,46,492,104,586
46,1221,494,122,527,180
25,1221,46,492,102,587
46,1222,496,122,528,180
25,1222,41,528,109,610
46,1223,497,123,530,180
25,1223,40,526,106,612
46,1224,498,123,531,181
25,1224,41,528,105,614
46,1225,498,122,532,181
25,1225,41,528,105,617
46,1226,500,122,534,181
25,1226,49,500,96,589
46,1227,503,122,536,182
25,1227,38,528,103,619
46,1228,505,123,538,184
25,1228,47,503,92,589
46,1229,506,124,539,185
48,1229,140,466,178,525
25,1229,45,504,89,588
46,1230,505,124,539,185
25,1230,43,505,87,587
46,1231,505,124,538,184
25,1231,40,506,86,587
46,1232,504,123,538,184
25,1232,37,506,85,587
46,1233,505,123,539,186
25,1233,37,507,83,586
46,1234,507,123,541,187
25,1234,36,509,82,585
46,1235,509,123,542,188
25,1235,37,510,80,584
46,1236,510,123,542,188
25,1236,36,511,80,584
46,1237,511,123,543,188
25,1237,35,511,80,585
46,1238,511,124,543,188
25,1238,33,511,81,586
46,1239,511,124,544,189
25,1239,32,510,80,587
46,1240,511,124,544,189
25,1240,31,528,92,627
46,1241,512,124,545,190
25,1241,30,532,93,630
46,1242,513,124,546,190
25,1242,29,537,94,631
46,1243,514,124,547,191
25,1243,28,545,92,631
46,1244,514,124,548,191
25,1244,26,546,92,628
46,1245,513,123,548,190
50,1245,10,488,52,574
25,1245,25,577,96,650
46,1246,513,135,546,199
50,1246,8,485,53,577
25,1246,24,579,98,650
46,1247,514,136,546,198
50,1247,8,483,54,579
25,1247,19,548,101,624
46,1248,534,141,561,192
50,1248,8,484,55,581
46,1249,535,141,562,192
50,1249,8,486,55,582
25,1249,101,486,161,573
46,1250,535,141,562,192
50,1250,8,487,54,585
25,1250,100,486,160,573
46,1251,535,140,562,191
50,1251,6,487,54,588
25,1251,99,488,159,573
46,1252,536,140,562,192
50,1252,4,483,51,591
25,1252,98,487,159,574
46,1253,536,140,563,192
50,1253,2,480,49,593
25,1253,99,489,159,576
46,1254,536,140,564,193
50,1254,0,480,48,596
25,1254,101,490,158,576
46,1255,536,139,566,194
50,1255,0,484,50,596
25,1255,101,491,156,574
46,1256,536,139,566,194
25,1256,101,492,156,574
54,1256,6,527,60,609
46,1257,536,139,567,195
25,1257,101,492,156,573
54,1257,4,526,58,608
46,1258,536,139,567,195
25,1258,100,493,155,573
54,1258,1,527,56,609
46,1259,536,139,568,195
25,1259,99,494,154,573
54,1259,2,528,55,610
46,1260,536,138,568,196
25,1260,98,495,153,574
54,1260,3,530,54,611
46,1261,536,138,569,197
25,1261,98,496,152,575
54,1261,5,531,53,612
46,1262,537,138,570,197
25,1262,97,499,152,577
54,1262,5,532,52,611
46,1263,538,138,572,198
54,1263,7,535,51,610
46,1264,541,138,573,197
54,1264,8,535,49,610
46,1265,544,138,575,196
54,1265,8,535,48,610
46,1266,547,140,576,194
54,1266,7,534,47,609
46,1267,549,141,577,192
59,1267,385,274,418,337
54,1267,6,536,47,608
46,1268,552,141,578,192
59,1268,387,272,420,336
54,1268,6,538,46,608
46,1269,553,141,580,193
59,1269,388,271,422,333
54,1269,4,538,45,609
46,1270,554,141,583,196
59,1270,391,270,425,331
60,1270,95,505,150,586
54,1270,3,539,43,612
46,1271,556,141,585,198
59,1271,394,270,427,329
60,1271,94,504,150,588
54,1271,1,540,42,616
46,1272,558,142,587,199
59,1272,397,268,429,325
60,1272,93,503,150,589
54,1272,0,540,43,619
46,1273,559,142,588,198
59,1273,401,265,430,319
60,1273,91,501,151,590
54,1273,0,539,44,622
46,1274,561,142,589,197
59,1274,404,260,432,314
60,1274,90,502,151,591
54,1274,0,537,45,623
46,1275,562,143,589,197
54,1275,0,536,46,624
46,1276,562,143,589,196
61,1276,0,460,40,594
46,1277,562,144,589,196
59,1277,412,252,439,308
61,1277,0,461,40,593
46,1278,562,145,590,196
59,1278,414,250,441,306
61,1278,0,463,41,593
46,1279,562,145,591,197
59,1279,415,247,444,306
61,1279,0,465,40,592
46,1280,563,146,592,198
59,1280,417,245,445,304
61,1280,0,466,38,589
46,1281,564,146,592,198
59,1281,418,241,447,303
46,1282,566,146,593,198
46,1283,568,146,595,198
46,1284,570,146,596,196
46,1285,571,147,598,196
46,1286,571,147,600,197
46,1287,572,148,602,200
46,1288,580,149,607,198
46,1289,580,149,608,198
62,1289,434,215,456,281
63,1289,89,527,131,607
46,1290,581,149,609,198
62,1290,433,212,458,282
63,1290,88,528,130,607
46,1291,581,149,610,199
62,1291,433,210,459,278
46,1292,582,148,612,199
62,1292,433,209,461,274
46,1293,582,148,613,200
62,1293,434,209,464,269
46,1294,583,147,615,200
62,1294,436,208,466,265
46,1295,584,147,617,201
62,1295,438,207,467,261
46,1296,587,147,619,201
62,1296,441,205,469,257
46,1297,588,147,621,200
62,1297,444,203,470,254
64,1297,924,632,968,691
46,1298,590,148,622,199
62,1298,446,200,471,253
64,1298,924,630,968,692
46,1299,591,149,623,200
62,1299,448,199,472,252
64,1299,923,629,969,692
46,1300,592,150,623,200
62,1300,449,199,474,251
64,1300,923,629,969,691
46,1301,593,150,623,201
62,1301,451,197,474,248
46,1302,595,149,624,200
62,1302,452,195,475,245
46,1303,596,150,626,200
62,1303,452,193,476,244
46,1304,597,152,626,201
46,1305,599,154,627,203
46,1306,600,156,629,204
62,1307,439,168,472,233
46,1307,602,157,630,205
62,1308,440,166,471,231
46,1308,604,158,632,207
62,1309,440,165,472,229
46,1309,605,157,633,208
62,1310,441,163,472,228
46,1310,606,157,634,209
62,1311,441,161,473,226
46,1311,606,157,635,210
62,1312,442,159,473,222
46,1312,608,157,636,210
62,1313,442,158,473,218
46,1313,609,157,637,209
62,1314,442,156,473,216
46,1314,609,158,638,209
62,1315,442,156,473,214
46,1315,608,158,638,209
62,1316,441,154,472,213
46,1316,609,159,638,208
62,1317,441,153,471,210
46,1317,610,159,638,209
62,1318,441,151,470,209
46,1318,612,159,639,210
62,1319,442,149,470,207
46,1319,612,160,639,211
62,1320,442,147,471,206
46,1320,613,160,640,214
62,1321,443,146,472,206
46,1321,614,161,641,216
62,1322,442,144,472,206
46,1322,615,163,642,218
62,1323,441,144,470,205
46,1323,616,164,644,218
46,1324,617,165,646,218
46,1325,618,166,647,217
46,1326,618,166,649,217
46,1327,618,167,650,217
46,1328,618,166,651,217
72,1328,944,581,984,641
46,1329,626,167,658,222
72,1329,943,578,984,643
46,1330,627,168,658,224
72,1330,942,577,984,644
46,1331,627,168,659,226
72,1331,943,576,984,645
46,1332,627,168,660,226
72,1332,943,575,985,646
46,1333,628,168,661,226
72,1333,944,574,985,646
46,1334,629,168,662,225
72,1334,943,574,985,646
46,1335,629,169,663,227
72,1335,944,576,986,644
46,1336,631,169,664,227
46,1337,632,168,665,226
46,1338,633,168,666,225
46,1339,633,168,666,225
46,1340,634,170,666,226
46,1341,635,171,667,227
46,1342,635,171,668,228
46,1343,636,172,669,229
46,1344,638,173,670,229
46,1345,640,174,671,230
46,1346,642,175,673,230
46,1347,643,177,674,230
46,1348,645,177,675,231
46,1349,647,186,687,245
46,1350,648,187,689,245
46,1351,650,187,690,245
46,1352,653,187,690,245
46,1353,655,187,691,245
46,1354,656,188,691,245
46,1355,656,187,692,246
46,1356,657,187,693,247
46,1357,657,187,695,247
46,1358,656,188,696,247
46,1359,656,188,698,246
46,1360,658,189,698,245
46,1361,659,190,698,244
46,1362,659,191,698,244
46,1363,660,191,699,244
46,1364,662,192,700,243
46,1365,663,193,701,243
46,1366,664,194,703,244
46,1367,673,193,713,247
46,1368,675,193,713,247
46,1369,676,194,713,247
46,1370,677,194,714,248
46,1371,678,195,716,247
46,1372,679,196,718,245
46,1373,681,195,720,244
46,1374,683,195,722,246
46,1375,684,196,724,250
46,1376,686,196,725,252
46,1377,686,197,725,251
46,1378,687,198,725,250
46,1379,687,199,726,249
46,1380,688,200,728,249
46,1381,690,201,729,249
46,1382,692,201,731,249
46,1383,694,201,733,250
46,1384,696,201,734,251
46,1385,698,201,735,251
46,1386,700,202,736,252
46,1387,703,202,737,252
46,1388,705,202,738,251
46,1389,707,202,738,251
46,1390,709,203,739,254
46,1392,710,203,741,255
46,1393,711,202,743,254
46,1394,711,203,744,253
46,1395,712,205,744,254
46,1396,713,206,745,254
46,1397,714,207,746,255
46,1398,715,207,747,254
46,1399,716,207,748,254
46,1400,718,207,749,255
46,1401,719,207,750,255
46,1402,720,207,751,256
46,1403,726,212,761,258
46,1404,727,213,761,260
46,1405,728,213,762,259
46,1406,730,212,765,259
46,1407,731,213,767,260
46,1408,732,213,768,261
46,1409,732,215,769,263
46,1410,732,216,770,264
46,1411,733,217,771,265
46,1412,734,217,773,264
46,1413,736,216,774,264
46,1414,737,216,775,263
46,1415,738,217,775,262
46,1416,739,217,775,262
81,1416,1231,604,1278,678
46,1417,741,217,778,262
81,1417,1226,605,1278,677
46,1418,742,217,780,263
81,1418,1221,605,1276,673
46,1419,744,217,782,263
81,1419,1213,603,1272,671
46,1420,745,218,782,262
81,1420,1169,582,1257,669
46,1421,748,218,784,264
81,1421,1167,582,1257,664
46,1422,751,220,786,267
81,1422,1167,582,1251,660
46,1423,754,222,788,269
81,1423,1165,580,1243,660
46,1424,756,222,789,271
81,1424,1162,576,1238,661
46,1425,758,222,789,272
81,1425,1158,573,1235,662
46,1426,757,223,790,273
81,1426,1157,573,1233,664
46,1427,757,224,791,274
81,1427,1153,574,1231,664
46,1428,757,225,792,275
81,1428,1139,579,1205,652
46,1429,758,226,794,277
81,1429,1136,579,1201,647
46,1430,759,226,794,276
81,1430,1131,579,1196,645
46,1431,760,225,794,275
81,1431,1127,578,1196,645
46,1432,761,225,795,274
81,1432,1107,570,1180,631
46,1433,762,226,796,275
81,1433,1088,559,1154,625
46,1434,763,226,797,275
81,1434,1087,559,1149,624
46,1435,764,227,798,275
46,1436,767,227,798,275
46,1437,768,228,798,277
46,1438,769,228,799,279
46,1439,769,228,800,280
85,1439,927,426,968,522
86,1439,1068,520,1125,576
46,1440,769,228,801,282
86,1440,1067,520,1124,573
46,1441,770,227,801,282
86,1441,1067,520,1125,568
46,1442,776,227,804,275
86,1442,1066,520,1126,565
46,1443,776,229,804,276
86,1443,1065,519,1126,561
46,1444,777,230,806,278
86,1444,1064,519,1125,559
46,1445,777,230,808,281
86,1445,1064,519,1124,558
46,1446,777,231,809,283
86,1446,1065,518,1125,558
46,1447,777,231,811,283
46,1448,777,231,811,284
46,1449,777,232,812,284
46,1450,782,236,818,293
46,1451,783,237,819,293
46,1452,784,237,819,293
46,1453,784,237,819,293
46,1454,785,238,818,293
46,1455,786,239,819,293
46,1456,787,240,820,292
46,1457,789,240,821,292
46,1458,790,241,823,292
46,1459,792,241,824,292
46,1460,794,242,826,292
46,1461,796,243,827,293
46,1462,798,244,828,294
46,1463,799,245,831,295
46,1464,800,247,832,294
46,1465,801,248,835,295
46,1466,803,249,836,295
46,1467,804,250,838,297
46,1468,805,251,839,297
46,1469,807,252,839,297
46,1470,808,252,840,297
46,1471,809,253,841,297
46,1472,810,253,842,298
46,1473,811,253,843,298
46,1474,812,254,843,299
46,1475,815,255,843,300
46,1476,817,257,843,301
46,1477,819,258,844,301
46,1479,821,259,846,300
46,1480,822,260,846,302
46,1481,822,262,846,304
46,1482,829,260,853,301
46,1483,830,260,855,300
46,1484,830,260,856,299
46,1485,831,259,857,297
46,1486,832,259,859,297
46,1487,833,259,859,298
46,1488,833,260,860,300
97,1488,886,341,914,416
98,1488,929,357,952,431
46,1489,833,260,860,302
97,1489,887,341,915,416
98,1489,929,356,952,429
46,1490,833,261,861,303
97,1490,885,342,916,416
98,1490,929,354,951,427
46,1491,835,262,863,303
97,1491,884,343,916,415
98,1491,929,353,950,424
46,1492,837,262,864,303
97,1492,885,342,915,413
98,1492,929,352,950,422
46,1493,839,263,864,303
97,1493,888,341,917,414
98,1493,929,351,950,422
46,1494,841,264,864,303
97,1494,865,335,895,401
98,1494,928,350,950,423
46,1495,842,265,865,304
97,1495,864,332,896,401
98,1495,927,347,950,422
46,1496,844,265,866,305
97,1496,864,330,895,399
98,1496,927,344,949,422
46,1497,844,265,867,306
97,1497,863,330,895,399
98,1497,926,341,949,423
46,1498,845,264,868,306
97,1498,863,329,895,400
98,1498,926,341,949,427
46,1499,845,263,869,306
97,1499,863,329,895,400
98,1499,926,340,948,433
46,1500,846,264,871,308
97,1500,863,328,895,401
98,1500,926,339,949,439
46,1501,849,266,874,311
97,1501,863,327,894,401
98,1501,915,334,946,455
46,1502,851,267,877,315
97,1502,860,306,887,383
98,1502,915,333,945,455
46,1503,854,267,879,317
97,1503,860,303,888,385
98,1503,915,330,945,452
46,1504,855,266,880,317
97,1504,860,302,887,384
98,1504,916,328,945,447
46,1505,857,267,881,318
97,1505,861,301,887,385
98,1505,916,326,944,441
46,1506,859,268,883,319
97,1506,861,300,888,385
98,1506,915,323,943,438
97,1507,862,298,889,385
98,1507,914,321,942,436
97,1508,861,295,890,383
98,1508,912,318,942,438
97,1509,860,292,889,382
98,1509,910,315,942,440
46,1510,866,271,888,324
97,1510,860,288,889,381
98,1510,909,314,941,438
46,1511,867,270,890,326
97,1511,860,286,889,379
46,1512,868,271,891,327
46,1513,869,271,891,326
98,1513,900,313,933,436
46,1514,870,271,892,324
98,1514,899,313,931,436
46,1515,870,271,892,322
98,1515,898,314,929,433
46,1516,871,271,893,322
98,1516,899,315,930,428
46,1517,871,271,894,325
98,1517,898,317,930,426
46,1518,872,272,894,327
98,1518,854,289,883,380
99,1518,897,320,930,424
46,1519,871,273,895,328
98,1519,854,289,883,382
99,1519,896,322,928,428
46,1520,871,273,896,328
98,1520,853,290,883,383
99,1520,895,323,927,434
46,1521,870,270,897,329
98,1521,854,290,883,384
99,1521,886,297,922,391
100,1521,894,325,926,436
46,1522,871,268,897,329
98,1522,852,290,882,383
99,1522,887,297,922,390
100,1522,895,326,925,434
98,1523,849,290,880,382
100,1523,895,326,925,428
98,1524,845,294,874,380
100,1524,894,324,924,426
98,1525,840,298,869,377
100,1525,894,324,923,426
98,1526,837,301,865,375
100,1526,892,325,922,426
98,1527,834,303,865,375
100,1527,890,295,919,383
98,1528,832,303,864,376
100,1528,888,293,918,384
98,1529,829,302,863,378
100,1529,886,291,917,386
98,1530,828,301,862,380
100,1530,885,288,917,393
98,1531,828,299,862,384
100,1531,884,283,918,399
98,1532,827,299,861,388
100,1532,884,280,918,402
98,1533,817,295,848,371
100,1533,884,283,918,402
98,1534,816,296,848,370
100,1534,879,319,915,431
98,1535,816,295,848,368
100,1535,877,313,915,436
98,1536,816,294,847,367
100,1536,876,307,914,441
98,1537,816,293,846,367
100,1537,875,305,913,445
98,1538,815,292,846,367
100,1538,885,285,919,394
98,1539,815,290,845,366
100,1539,885,284,920,387
98,1540,813,288,844,364
100,1540,886,284,921,379
98,1541,812,286,842,361
100,1541,886,285,922,375
98,1542,810,285,840,357
100,1542,886,286,922,372
98,1543,810,284,840,357
100,1543,886,287,922,368
98,1544,809,282,840,358
100,1544,886,287,921,365
98,1545,809,282,840,358
100,1545,886,286,921,362
98,1546,809,281,840,359
100,1546,887,286,922,362
98,1547,808,279,841,361
100,1547,889,286,923,362
103,1547,862,337,900,424
98,1548,807,278,840,364
100,1548,890,287,924,361
103,1548,861,337,900,421
98,1549,805,276,838,364
100,1549,891,287,924,359
103,1549,861,335,898,421
98,1550,803,274,836,364
103,1550,864,285,901,391
100,1550,894,287,925,356
105,1550,860,332,897,424
98,1551,801,271,832,364
103,1551,865,284,900,390
100,1551,897,286,927,354
105,1551,859,330,895,427
103,1552,864,282,901,390
100,1552,900,283,929,354
105,1552,857,330,894,426
103,1553,863,281,900,391
100,1553,903,281,931,356
105,1553,856,328,892,425
103,1554,862,281,899,394
100,1554,906,281,934,360
105,1554,856,324,891,423
100,1555,910,281,937,361
105,1555,855,318,890,423
100,1556,914,283,939,360
105,1556,854,316,889,422
98,1557,795,274,821,333
100,1557,914,284,938,359
105,1557,853,313,888,424
98,1558,794,274,821,332
105,1558,861,283,894,397
100,1558,913,286,937,360
103,1558,851,316,886,423
98,1559,793,274,822,333
105,1559,859,281,892,395
103,1559,848,319,883,422
98,1560,791,272,822,335
105,1560,857,279,891,391
103,1560,847,320,881,421
98,1561,789,271,823,337
105,1561,855,278,889,389
103,1561,845,319,880,422
98,1562,788,270,823,337
105,1562,863,272,885,343
103,1562,854,278,888,386
100,1562,926,302,952,362
98,1563,786,270,822,337
105,1563,861,272,884,343
103,1563,852,279,885,384
100,1563,927,302,952,362
98,1564,784,270,821,338
105,1564,859,272,883,342
103,1564,849,280,883,383
100,1564,927,302,952,361
98,1565,784,269,820,339
105,1565,858,271,881,342
103,1565,848,280,881,385
100,1565,928,302,953,360
98,1566,784,268,820,339
105,1566,856,270,880,343
103,1566,846,277,880,386
100,1566,928,302,953,360
103,1567,846,273,880,388
100,1567,929,303,953,361
103,1568,844,269,879,390
100,1568,929,304,955,363
105,1568,835,319,866,411
103,1569,843,268,878,392
100,1569,930,305,956,364
105,1569,833,317,865,411
103,1570,851,267,874,344
105,1570,840,271,876,391
100,1570,930,306,958,365
103,1571,851,267,874,343
105,1571,838,273,874,387
100,1571,930,307,960,365
103,1572,849,269,873,340
105,1572,837,276,873,384
100,1572,930,307,962,366
98,1573,769,268,799,327
103,1573,848,269,872,340
105,1573,835,275,872,384
100,1573,932,308,964,367
98,1574,769,268,798,326
103,1574,846,269,871,338
105,1574,834,279,869,385
100,1574,933,309,965,368
98,1575,770,268,797,327
103,1575,845,268,870,338
105,1575,833,282,866,383
100,1575,935,309,965,369
98,1576,769,267,797,327
103,1576,844,268,870,337
105,1576,830,286,864,382
100,1576,935,309,966,369
98,1577,769,265,797,327
103,1577,842,269,869,336
100,1577,935,310,967,369
105,1577,821,323,859,404
98,1578,768,262,797,326
103,1578,841,271,868,335
100,1578,935,312,968,368
105,1578,822,324,858,403
98,1579,766,259,797,327
103,1579,840,271,867,335
105,1579,823,291,860,383
100,1579,936,314,970,368
98,1580,764,255,798,327
103,1580,838,271,865,336
105,1580,822,290,860,382
100,1580,937,315,972,368
98,1581,762,252,799,329
103,1581,836,270,864,337
105,1581,821,285,860,379
100,1581,939,316,975,369
98,1582,761,249,799,327
103,1582,834,269,862,338
105,1582,809,291,857,404
100,1582,940,317,976,370
98,1583,760,248,798,325
103,1583,833,268,860,340
105,1583,808,289,856,405
100,1583,943,319,978,371
98,1584,759,247,796,323
103,1584,831,268,859,340
105,1584,810,288,855,399
100,1584,946,321,979,371
98,1585,758,246,794,322
103,1585,830,269,858,341
105,1585,810,281,854,394
100,1585,949,322,980,372
98,1586,757,245,794,321
103,1586,828,270,857,339
105,1586,810,273,855,388
100,1586,952,323,982,373
98,1587,758,247,792,317
103,1587,827,271,856,337
105,1587,810,269,854,386
100,1587,955,323,983,373
98,1588,756,247,790,314
103,1588,826,271,856,336
105,1588,810,269,854,384
100,1588,957,323,984,372
98,1589,752,248,786,312
103,1589,825,271,855,334
105,1589,811,271,854,379
100,1589,958,322,984,370
98,1590,747,248,782,310
103,1590,824,270,854,332
105,1590,811,274,854,375
100,1590,959,323,986,370
98,1591,744,249,778,309
103,1591,824,269,853,328
105,1591,810,277,853,374
100,1591,961,324,987,372
98,1592,741,248,775,308
103,1592,825,269,854,326
105,1592,808,280,850,376
100,1592,962,326,987,376
98,1593,740,248,774,307
103,1593,827,268,854,325
105,1593,807,282,847,375
100,1593,964,328,986,376
98,1594,740,247,773,308
103,1594,816,263,850,342
105,1594,804,284,844,372
98,1595,739,247,772,308
103,1595,815,262,849,341
105,1595,802,285,843,368
98,1596,739,247,772,308
103,1596,814,262,849,339
105,1596,800,287,841,366
98,1597,738,245,772,309
103,1597,813,262,847,338
105,1597,798,287,839,365
98,1598,737,245,772,309
103,1598,813,262,845,338
105,1598,796,286,836,366
98,1599,736,244,772,310
103,1599,811,262,843,338
105,1599,794,285,834,365
98,1600,734,243,771,310
103,1600,809,261,842,337
105,1600,792,284,832,364
98,1601,733,241,770,312
103,1601,806,259,840,337
105,1601,791,283,828,363
98,1602,732,240,769,313
103,1602,804,256,838,338
105,1602,789,281,826,363
98,1603,733,239,769,314
103,1603,801,253,836,340
105,1603,787,275,823,366
98,1604,733,240,768,314
103,1604,799,254,835,341
105,1604,786,272,823,367
103,1605,797,256,833,341
105,1605,784,270,822,368
103,1606,796,258,832,340
105,1606,783,271,822,366
103,1607,795,258,831,339
105,1607,781,271,822,367
103,1608,794,257,830,337
105,1608,779,274,820,367
98,1609,714,232,749,308
103,1609,792,256,828,336
105,1609,776,276,818,366
98,1610,714,229,749,309
103,1610,791,254,826,335
105,1610,774,276,817,365
98,1611,713,227,750,309
103,1611,789,255,824,333
105,1611,772,276,817,364
98,1612,713,226,749,309
103,1612,787,256,822,332
105,1612,771,277,815,363
98,1613,716,224,746,288
103,1613,785,256,819,329
105,1613,771,278,813,361
98,1614,715,222,746,290
103,1614,784,253,817,328
105,1614,770,278,812,359
98,1615,714,220,745,290
103,1615,782,250,814,326
105,1615,771,276,810,358
103,1616,780,245,812,325
105,1616,762,275,805,367
103,1617,779,242,810,325
105,1617,761,272,804,368
103,1618,752,239,807,354
105,1618,778,238,809,324
105,1619,777,238,809,321
98,1620,709,217,744,282
105,1620,775,238,810,321
98,1621,707,217,743,283
105,1621,774,240,810,321
98,1622,706,218,742,283
105,1622,774,242,810,321
103,1622,759,273,801,361
98,1623,703,219,739,284
105,1623,774,242,810,319
103,1623,759,274,801,359
98,1624,700,219,737,284
105,1624,774,241,809,318
103,1624,757,277,800,356
98,1625,698,220,735,284
105,1625,773,239,809,317
103,1625,755,278,799,352
98,1626,695,221,734,284
105,1626,773,237,808,318
103,1626,753,279,797,350
98,1627,693,221,733,283
105,1627,758,243,809,336
103,1627,751,278,796,350
98,1628,691,220,731,283
105,1628,756,241,810,338
103,1628,749,276,795,350
98,1629,690,219,730,282
105,1629,755,241,809,338
103,1629,747,276,794,350
98,1630,689,218,728,282
105,1630,753,240,806,333
103,1630,745,277,791,349
98,1631,688,218,727,282
105,1631,752,240,803,330
103,1631,746,277,789,349
98,1632,686,218,726,281
105,1632,751,240,800,327
111,1632,1008,331,1042,404
98,1633,684,218,724,280
105,1633,750,242,796,328
111,1633,1009,333,1042,405
98,1634,682,217,722,280
105,1634,749,242,792,325
111,1634,1009,333,1043,406
98,1635,681,217,720,282
105,1635,747,241,789,324
111,1635,1018,345,1057,409
98,1636,680,217,718,283
105,1636,745,238,786,323
111,1636,1019,347,1057,411
98,1637,680,216,716,283
105,1637,754,222,788,290
103,1637,743,235,784,324
111,1637,1021,349,1057,411
98,1638,680,215,714,282
105,1638,753,222,786,288
103,1638,741,234,782,325
111,1638,1022,351,1057,412
98,1639,679,214,713,281
105,1639,752,222,785,288
103,1639,740,235,782,326
111,1639,1024,353,1057,413
98,1640,678,212,712,281
105,1640,752,223,785,287
103,1640,739,237,781,327
111,1640,1026,355,1056,414
98,1641,677,211,711,282
105,1641,752,223,785,286
103,1641,738,239,781,328
111,1641,1028,356,1056,415
98,1642,676,211,710,283
105,1642,752,223,786,286
103,1642,736,240,780,328
111,1642,1030,357,1057,416
98,1643,675,210,710,284
105,1643,752,223,787,286
103,1643,734,239,781,328
111,1643,1033,357,1058,416
98,1644,672,202,700,270
105,1644,751,223,787,287
103,1644,734,239,780,327
111,1644,1035,357,1059,417
98,1645,671,200,700,270
105,1645,748,223,785,288
103,1645,714,241,752,326
111,1645,1037,357,1061,417
98,1646,671,198,700,270
105,1646,746,224,783,288
103,1646,716,246,753,331
111,1646,1039,357,1063,416
98,1647,670,197,700,269
105,1647,743,224,781,288
103,1647,717,251,754,330
111,1647,1041,358,1066,415
98,1648,669,196,700,268
105,1648,740,225,779,288
103,1648,728,244,770,320
98,1649,669,196,700,267
105,1649,738,225,777,289
103,1649,727,241,769,316
98,1650,668,196,700,267
103,1650,727,237,768,313
111,1650,1044,362,1071,419
98,1651,668,196,699,267
103,1651,735,223,774,289
105,1651,716,250,754,321
111,1651,1044,364,1073,421
98,1652,667,194,699,268
103,1652,734,221,773,290
105,1652,715,248,754,320
111,1652,1044,364,1075,422
98,1653,665,193,699,269
103,1653,734,220,773,291
105,1653,714,247,754,319
111,1653,1044,363,1077,424
98,1654,664,192,698,271
103,1654,733,218,773,292
105,1654,713,245,754,318
111,1654,1043,363,1079,425
98,1655,663,191,698,271
103,1655,732,218,772,291
105,1655,711,241,754,316
111,1655,1043,364,1080,426
98,1656,661,191,697,270
103,1656,730,219,771,290
105,1656,710,239,755,313
111,1656,1044,365,1082,426
98,1657,659,191,697,269
103,1657,728,220,769,289
105,1657,708,238,757,311
111,1657,1045,366,1084,427
98,1658,658,192,697,268
103,1658,727,221,768,288
105,1658,707,238,757,310
111,1658,1048,367,1087,428
98,1659,656,191,697,267
103,1659,725,222,767,288
105,1659,706,236,756,310
111,1659,1051,368,1089,429
98,1660,655,190,696,267
103,1660,724,221,767,288
105,1660,705,236,756,309
111,1660,1053,367,1091,430
98,1661,654,189,696,267
103,1661,724,221,768,288
105,1661,703,236,756,309
111,1661,1056,367,1091,431
98,1662,654,189,696,267
103,1662,724,220,767,287
105,1662,701,236,755,309
111,1662,1059,367,1092,432
98,1663,653,189,695,265
103,1663,723,220,765,286
105,1663,700,236,753,309
111,1663,1061,369,1092,432
98,1664,651,188,694,263
103,1664,724,219,762,284
105,1664,699,235,750,308
111,1664,1062,369,1093,432
98,1665,649,187,691,260
103,1665,724,217,759,280
105,1665,698,236,747,306
111,1665,1062,369,1092,432
98,1666,648,186,690,260
103,1666,724,213,757,277
105,1666,697,236,744,304
111,1666,1076,369,1099,429
98,1667,648,186,687,259
103,1667,725,209,754,274
105,1667,697,235,742,303
111,1667,1077,372,1100,431
98,1668,648,186,685,258
103,1668,725,207,753,273
105,1668,697,233,740,302
111,1668,1078,380,1107,446
98,1669,647,187,683,256
103,1669,716,204,752,282
105,1669,696,233,738,301
111,1669,1079,380,1110,447
98,1670,647,186,681,256
103,1670,715,203,751,281
105,1670,694,233,736,301
111,1670,1080,380,1112,448
98,1671,646,186,678,255
103,1671,714,201,749,282
105,1671,693,231,734,302
111,1671,1081,379,1114,449
98,1672,645,186,677,256
103,1672,712,200,748,284
105,1672,691,229,732,303
111,1672,1082,379,1116,450
98,1673,645,185,677,257
103,1673,710,198,746,286
105,1673,690,227,730,304
111,1673,1083,379,1117,450
103,1674,635,172,667,240
98,1674,644,183,678,259
105,1674,706,198,745,287
111,1674,1086,380,1117,449
103,1675,633,171,666,240
98,1675,643,181,679,260
105,1675,703,199,743,287
111,1675,1088,381,1118,448
103,1676,632,170,666,241
98,1676,642,179,679,261
105,1676,702,200,742,286
111,1676,1090,382,1119,448
103,1677,631,171,666,240
98,1677,642,178,680,261
105,1677,702,200,743,284
111,1677,1092,383,1120,447
103,1678,631,172,666,239
98,1678,644,178,683,263
105,1678,699,200,743,283
111,1678,1094,385,1121,445
103,1679,630,173,667,239
98,1679,645,179,687,264
105,1679,698,199,742,281
111,1679,1096,386,1121,444
103,1680,630,172,667,239
98,1680,646,179,688,265
105,1680,697,199,740,278
111,1680,1098,387,1121,443
103,1681,629,171,666,239
98,1681,646,179,688,264
105,1681,696,200,736,277
111,1681,1099,387,1122,443
103,1682,628,170,664,239
98,1682,647,178,689,266
105,1682,694,201,734,277
111,1682,1100,385,1123,445
103,1683,627,170,664,239
98,1683,649,179,692,269
105,1683,691,201,730,280
111,1683,1100,385,1125,447
103,1684,626,169,664,240
98,1684,650,180,695,272
105,1684,688,199,728,280
111,1684,1101,384,1128,450
115,1685,236,51,264,97
103,1685,625,169,664,239
98,1685,651,181,697,272
105,1685,686,196,725,279
111,1685,1102,384,1131,454
115,1686,235,51,264,96
103,1686,625,168,662,240
98,1686,651,181,694,271
105,1686,685,192,722,280
111,1686,1103,382,1134,456
115,1687,235,49,265,96
103,1687,625,167,660,239
98,1687,648,181,689,269
105,1687,683,189,721,280
111,1687,1103,380,1137,457
103,1688,625,167,658,239
98,1688,647,184,687,270
105,1688,682,188,721,281
111,1688,1104,379,1140,456
103,1689,624,167,658,236
98,1689,647,189,688,272
105,1689,681,188,722,281
111,1689,1105,378,1142,456
103,1690,620,163,649,228
105,1690,681,190,723,282
111,1690,1105,378,1143,455
103,1691,618,163,649,228
105,1691,682,191,723,282
98,1691,664,231,705,300
111,1691,1106,378,1144,455
103,1692,617,162,648,227
105,1692,682,193,723,280
98,1692,662,230,704,301
111,1692,1108,378,1144,455
103,1693,616,161,648,226
105,1693,681,193,723,279
98,1693,660,230,704,302
111,1693,1110,378,1144,454
103,1694,614,159,647,225
105,1694,680,192,723,278
98,1694,659,230,704,301
111,1694,1113,378,1144,455
103,1695,613,158,646,223
105,1695,679,191,723,274
98,1695,658,232,702,299
111,1695,1114,378,1143,455
103,1696,611,157,645,221
98,1696,657,210,707,289
105,1696,679,189,723,268
103,1697,611,157,644,221
98,1697,656,210,707,284
105,1697,678,186,722,263
103,1698,610,157,643,222
98,1698,654,208,707,283
105,1698,676,183,720,261
103,1699,609,157,642,221
98,1699,654,210,706,283
105,1699,675,182,718,261
103,1700,608,156,642,220
98,1700,679,174,712,241
105,1700,654,212,704,284
103,1701,606,156,640,220
98,1701,680,173,711,240
105,1701,653,211,702,282
103,1702,604,155,639,220
98,1702,679,172,709,240
105,1702,652,205,700,280
103,1703,604,154,639,220
98,1703,679,170,708,239
103,1704,606,153,639,218
98,1704,678,170,707,239
105,1704,650,197,698,277
103,1705,607,152,640,216
98,1705,678,169,706,238
103,1706,607,153,641,214
98,1706,678,169,706,237
105,1706,649,190,695,277
103,1707,608,152,641,212
98,1707,677,169,705,236
105,1707,648,187,693,276
103,1708,608,152,641,211
98,1708,677,168,705,235
105,1708,647,185,692,274
103,1709,608,152,642,212
98,1709,677,168,705,235
105,1709,646,181,692,273
103,1710,607,152,641,212
98,1710,677,168,704,234
105,1710,645,183,691,274
103,1711,606,152,639,211
98,1711,659,169,697,239
105,1711,644,187,690,275
120,1712,277,61,301,109
103,1712,604,151,635,209
98,1712,659,170,696,239
105,1712,643,189,689,275
121,1712,188,674,247,717
120,1713,278,61,301,109
103,1713,603,150,635,209
98,1713,655,168,693,242
105,1713,642,188,688,276
121,1713,186,673,246,717
120,1714,278,62,301,110
122,1714,291,52,319,98
103,1714,601,148,633,207
98,1714,653,167,690,245
105,1714,641,187,687,275
121,1714,184,672,244,716
120,1715,279,65,301,111
122,1715,292,53,321,99
103,1715,600,147,633,207
105,1715,641,187,685,274
121,1715,182,672,243,715
103,1716,598,146,631,207
105,1716,640,188,683,272
121,1716,181,671,243,714
103,1717,598,146,630,210
105,1717,638,188,682,270
121,1717,180,670,242,714
103,1718,599,146,632,214
105,1718,634,188,680,266
121,1718,179,669,241,714
103,1719,599,146,633,217
105,1719,646,162,680,242
98,1719,632,189,677,266
121,1719,177,667,238,714
103,1720,600,146,637,220
105,1720,647,162,679,242
98,1720,630,188,675,265
121,1720,175,666,236,714
103,1721,598,147,635,219
105,1721,645,162,677,242
98,1721,630,188,674,267
121,1721,173,665,233,713
103,1722,599,146,641,222
105,1722,642,161,675,244
121,1722,173,663,229,712
103,1723,599,146,646,223
105,1723,639,162,675,245
121,1723,173,660,227,711
103,1724,599,146,655,228
105,1724,638,162,674,245
98,1724,619,197,656,273
121,1724,165,653,221,714
103,1725,599,147,658,232
105,1725,638,161,674,245
98,1725,619,195,656,275
121,1725,165,651,221,715
103,1726,598,148,657,234
105,1726,639,162,673,244
98,1726,618,193,655,275
121,1726,164,651,220,713
103,1727,598,149,654,233
105,1727,640,162,672,244
98,1727,617,190,655,272
121,1727,163,651,220,710
103,1728,598,150,651,232
105,1728,640,164,672,242
98,1728,617,191,655,271
121,1728,162,651,218,708
103,1729,599,151,650,230
105,1729,641,163,671,241
98,1729,617,193,654,271
121,1729,160,650,216,705
103,1730,600,150,648,229
105,1730,641,163,670,241
98,1730,617,194,654,271
121,1730,159,649,213,704
103,1731,600,149,644,227
105,1731,640,161,669,240
98,1731,617,193,653,270
121,1731,157,647,211,701
103,1732,601,149,644,229
105,1732,637,160,666,240
98,1732,616,190,653,269
121,1732,155,646,210,700
103,1733,600,148,642,228
105,1733,635,158,664,238
98,1733,616,189,653,269
121,1733,154,644,210,699
103,1734,601,149,644,231
105,1734,633,157,662,235
98,1734,615,189,653,268
121,1734,153,642,209,699
103,1735,602,151,645,233
105,1735,633,156,662,230
98,1735,614,190,652,267
121,1735,149,640,209,698
103,1736,571,127,597,176
98,1736,605,154,648,238
105,1736,633,154,662,226
121,1736,146,639,207,696
103,1737,571,127,598,178
105,1737,633,150,662,223
98,1737,611,186,650,264
103,1738,570,127,599,178
105,1738,633,146,662,220
98,1738,610,185,647,263
103,1739,570,127,599,180
105,1739,633,143,662,219
98,1739,609,184,646,263
103,1740,569,126,599,180
105,1740,631,143,662,220
98,1740,608,184,644,262
121,1740,135,636,196,691
103,1741,569,125,598,180
105,1741,631,143,661,219
98,1741,607,185,642,262
121,1741,134,634,193,693
103,1742,568,125,597,181
105,1742,630,144,660,218
98,1742,606,186,639,262
121,1742,133,632,191,693
103,1743,568,124,597,181
105,1743,630,144,660,218
98,1743,604,187,637,262
121,1743,132,628,189,695
103,1744,567,123,596,181
105,1744,629,145,660,218
98,1744,602,186,636,260
121,1744,130,624,188,696
103,1745,566,123,596,180
105,1745,627,146,660,218
98,1745,599,186,635,259
121,1745,124,613,184,690
103,1746,566,122,596,179
105,1746,626,146,660,216
98,1746,597,185,634,258
121,1746,123,613,183,689
103,1747,565,121,595,178
105,1747,626,147,660,216
98,1747,595,185,634,258
121,1747,121,612,183,689
103,1748,565,120,595,176
105,1748,626,149,660,215
98,1748,594,185,633,257
131,1748,428,265,467,315
121,1748,119,610,183,690
103,1749,564,119,594,176
105,1749,626,148,659,214
98,1749,592,185,632,256
131,1749,432,265,470,320
103,1750,564,118,593,175
105,1750,608,154,648,229
98,1750,626,147,659,211
131,1750,436,267,475,323
103,1751,563,118,593,173
105,1751,605,152,647,227
98,1751,626,145,658,209
131,1751,440,269,478,324
103,1752,562,117,592,172
105,1752,604,152,645,226
98,1752,626,144,657,208
131,1752,445,272,480,324
132,1752,1179,439,1216,515
121,1752,104,603,172,680
103,1753,562,115,592,170
105,1753,604,154,645,227
98,1753,626,145,656,207
131,1753,448,274,484,327
132,1753,1182,441,1218,515
121,1753,104,604,171,680
103,1754,562,113,592,169
105,1754,604,154,645,228
98,1754,627,146,655,207
131,1754,451,276,489,330
132,1754,1185,442,1219,516
121,1754,103,605,171,678
103,1755,561,112,592,168
105,1755,604,153,644,227
98,1755,627,147,654,207
131,1755,453,277,495,333
132,1755,1187,444,1221,516
121,1755,102,607,170,673
103,1756,561,110,591,168
105,1756,604,151,643,227
98,1756,628,147,654,208
132,1756,1190,447,1222,517
103,1757,560,109,590,168
105,1757,604,150,642,227
98,1757,628,148,653,208
132,1757,1192,450,1225,518
103,1758,560,108,589,168
105,1758,603,149,641,228
98,1758,629,147,652,208
132,1758,1193,452,1227,518
121,1758,98,608,164,669
103,1759,559,108,589,168
105,1759,601,147,640,228
98,1759,583,181,622,249
132,1759,1194,452,1228,519
121,1759,96,606,163,670
103,1760,559,107,590,168
105,1760,599,146,640,227
98,1760,583,182,621,248
132,1760,1194,453,1229,519
121,1760,93,604,163,671
103,1761,559,107,590,167
105,1761,598,145,639,226
132,1761,1194,453,1231,521
121,1761,91,602,162,672
103,1762,560,106,591,166
105,1762,598,146,639,224
132,1762,1195,455,1233,523
121,1762,89,600,162,671
103,1763,560,106,591,165
105,1763,598,146,640,220
132,1763,1197,457,1236,525
121,1763,88,597,160,669
103,1764,560,105,592,164
105,1764,598,146,640,217
132,1764,1199,458,1238,527
121,1764,87,595,158,668
103,1765,560,104,592,165
105,1765,598,143,640,213
132,1765,1201,458,1241,531
121,1765,86,594,156,665
103,1766,561,102,593,165
105,1766,614,129,642,186
132,1766,1201,457,1243,532
121,1766,86,592,152,662
103,1767,562,101,594,165
105,1767,613,128,643,187
132,1767,1202,458,1246,533
132,1768,1203,460,1246,533
132,1770,1215,467,1255,530
132,1771,1214,469,1255,532
103,1772,558,96,590,161
140,1772,568,166,607,240
105,1772,590,137,633,206
132,1772,1216,470,1255,531
103,1773,558,95,589,161
105,1773,607,126,639,187
140,1773,568,165,606,241
142,1773,590,138,632,206
132,1773,1218,471,1255,531
103,1774,558,95,588,160
105,1774,608,126,640,187
140,1774,568,165,605,240
142,1774,591,138,631,205
132,1774,1221,472,1255,531
103,1775,559,95,586,158
105,1775,610,124,640,186
140,1775,569,165,603,238
142,1775,592,138,631,204
132,1775,1229,483,1261,543
103,1776,559,95,585,158
105,1776,610,124,640,187
140,1776,570,165,602,236
142,1776,594,138,630,203
132,1776,1230,484,1262,543
103,1777,560,94,585,159
105,1777,610,124,640,187
140,1777,570,166,600,234
142,1777,597,139,631,201
132,1777,1230,484,1262,543
103,1778,560,94,584,159
105,1778,611,123,639,187
140,1778,570,168,599,232
142,1778,599,139,631,199
132,1778,1231,483,1263,546
103,1779,559,93,584,159
105,1779,611,122,639,187
140,1779,570,169,598,231
142,1779,601,138,632,197
132,1779,1232,482,1265,549
103,1780,559,94,584,159
105,1780,610,123,638,187
143,1780,436,142,457,197
140,1780,568,169,599,230
132,1780,1232,482,1266,550
103,1781,558,93,583,160
105,1781,609,123,637,186
143,1781,436,141,457,197
140,1781,566,168,599,230
132,1781,1232,484,1267,548
103,1782,557,92,583,162
105,1782,608,123,637,186
143,1782,436,142,458,198
140,1782,564,165,600,229
132,1782,1233,484,1268,548
144,1782,59,581,124,653
103,1783,556,91,583,164
105,1783,607,122,636,187
143,1783,437,143,460,200
140,1783,563,164,599,228
132,1783,1233,484,1270,549
144,1783,60,581,123,651
105,1784,606,122,635,187
143,1784,437,143,461,202
140,1784,562,164,598,226
132,1784,1234,485,1272,549
144,1784,60,581,122,649
105,1785,605,123,634,187
143,1785,438,143,463,204
140,1785,560,165,597,223
132,1785,1234,487,1274,547
144,1785,58,580,120,649
105,1786,603,122,633,189
143,1786,438,144,466,208
140,1786,558,165,596,223
132,1786,1235,489,1275,546
144,1786,57,580,118,648
105,1787,601,121,632,190
143,1787,439,147,468,213
140,1787,555,165,594,222
132,1787,1237,490,1276,546
144,1787,54,579,116,648
105,1788,599,120,630,191
143,1788,440,149,469,215
140,1788,553,164,591,223
132,1788,1239,491,1276,547
144,1788,52,578,115,648
105,1789,597,121,628,191
143,1789,443,150,471,215
140,1789,551,162,588,221
132,1789,1242,491,1277,549
144,1789,49,575,114,651
143,1790,447,153,475,215
132,1790,1244,492,1278,551
143,1791,453,155,481,216
132,1791,1246,492,1279,552
105,1792,592,123,622,188
143,1792,457,157,486,218
140,1792,548,158,584,216
132,1792,1248,492,1279,554
105,1793,590,124,620,188
143,1793,461,159,489,219
140,1793,547,157,582,215
132,1793,1251,493,1279,556
143,1794,463,159,491,219
140,1794,547,155,580,213
132,1794,1253,494,1279,559
143,1795,465,159,494,221
140,1795,546,152,578,211
132,1795,1254,495,1279,561
143,1796,377,103,420,166
140,1796,587,121,615,187
150,1796,544,149,577,208
132,1796,1256,496,1279,562
140,1797,586,120,614,185
143,1797,385,141,428,211
150,1797,543,148,575,206
132,1797,1258,497,1279,561
143,1798,376,102,421,168
140,1798,585,119,614,182
151,1798,469,164,499,232
150,1798,541,147,573,206
143,1799,376,103,423,166
140,1799,586,118,615,181
151,1799,469,167,500,235
150,1799,540,146,572,205
143,1800,377,104,424,166
140,1800,586,117,615,180
151,1800,470,167,500,235
152,1800,483,156,513,225
150,1800,540,146,572,207
143,1801,376,105,426,168
140,1801,587,117,615,180
152,1801,484,159,513,231
150,1801,539,146,571,209
154,1801,0,458,37,592
143,1802,377,106,428,170
140,1802,587,117,614,179
152,1802,486,162,514,236
150,1802,539,145,570,210
154,1802,0,459,38,593
143,1803,377,106,428,171
140,1803,587,117,614,179
152,1803,489,162,518,237
150,1803,537,144,568,208
154,1803,0,460,38,594
143,1804,380,106,428,171
140,1804,586,115,613,176
152,1804,491,161,520,235
150,1804,536,144,566,208
154,1804,0,462,39,596
155,1804,17,529,65,626
143,1805,381,105,428,172
140,1805,585,113,613,175
152,1805,493,160,524,234
150,1805,535,143,566,208
154,1805,0,463,40,597
155,1805,17,531,66,624
143,1806,382,106,428,173
140,1806,585,112,612,174
152,1806,494,160,527,234
150,1806,533,143,565,207
154,1806,0,463,40,600
155,1806,15,529,64,623
143,1807,382,106,428,174
140,1807,585,110,611,173
152,1807,497,160,529,234
150,1807,532,143,564,204
154,1807,0,461,39,602
155,1807,12,526,61,624
143,1808,382,106,429,174
140,1808,585,108,610,171
152,1808,500,161,531,234
150,1808,532,142,563,202
154,1808,0,459,39,605
155,1808,10,524,60,626
143,1809,382,106,429,172
140,1809,585,106,610,169
152,1809,505,161,535,235
150,1809,531,141,562,201
154,1809,0,458,39,608
155,1809,9,523,60,627
143,1810,383,107,429,171
140,1810,585,103,610,167
152,1810,509,160,541,237
150,1810,530,141,562,203
154,1810,0,457,39,608
155,1810,8,522,60,627
143,1811,384,106,429,171
140,1811,584,100,610,165
152,1811,514,159,545,239
150,1811,530,140,562,204
154,1811,0,458,40,606
155,1811,7,522,59,625
143,1812,384,107,429,169
140,1812,583,99,610,165
152,1812,516,158,548,239
150,1812,530,140,562,205
154,1812,0,460,41,605
155,1812,7,525,59,623
143,1813,384,107,429,168
140,1813,582,99,610,166
152,1813,516,156,549,239
150,1813,531,140,561,205
154,1813,0,463,43,605
155,1813,8,527,58,620
140,1814,562,65,598,140
150,1814,582,98,610,167
152,1814,516,153,551,238
154,1814,0,466,43,604
155,1814,9,528,58,619
140,1815,564,65,598,141
150,1815,582,98,609,167
152,1815,516,150,551,236
154,1815,0,469,43,603
155,1815,8,529,56,617
140,1816,564,64,598,140
150,1816,582,98,609,165
152,1816,517,147,551,234
155,1816,0,471,43,601
140,1817,565,64,598,141
150,1817,582,99,609,164
152,1817,517,147,551,233
155,1817,0,474,45,599
157,1817,71,603,134,682
140,1818,565,64,599,141
150,1818,582,97,609,162
152,1818,518,146,551,232
155,1818,0,476,45,597
157,1818,70,604,135,682
140,1819,565,64,600,141
150,1819,582,97,609,160
152,1819,517,144,551,226
155,1819,4,531,54,608
157,1819,70,606,136,680
140,1820,565,65,601,139
150,1820,571,94,596,166
152,1820,515,141,552,219
155,1820,3,530,53,607
157,1820,69,606,136,679
140,1821,565,64,601,137
150,1821,570,95,596,162
152,1821,513,139,551,210
155,1821,3,527,52,607
157,1821,69,606,137,678
140,1822,566,63,601,133
150,1822,580,96,607,151
152,1822,511,139,550,206
155,1822,3,524,52,609
157,1822,68,606,137,677
140,1823,568,61,602,128
152,1823,502,124,553,188
150,1823,580,95,607,150
159,1823,539,190,565,250
155,1823,2,521,50,611
157,1823,67,605,136,676
140,1824,568,60,603,124
152,1824,501,123,553,189
150,1824,579,94,606,150
159,1824,542,192,569,254
155,1824,0,472,48,598
157,1824,61,610,127,675
140,1825,568,58,604,125
150,1825,580,78,610,142
152,1825,503,123,553,190
159,1825,544,192,573,256
155,1825,0,471,47,597
157,1825,60,609,127,675
140,1826,569,58,604,129
152,1826,504,123,553,193
150,1826,570,88,602,154
159,1826,547,193,578,258
155,1826,0,472,45,595
157,1826,60,610,127,674
152,1827,503,124,552,193
150,1827,570,87,602,154
159,1827,551,194,584,258
155,1827,0,472,45,594
157,1827,60,610,126,673
150,1828,571,86,601,154
152,1828,502,134,540,204
159,1828,556,194,590,259
155,1828,0,471,44,592
157,1828,59,609,126,673
152,1829,502,121,550,195
150,1829,572,85,601,154
159,1829,560,196,593,260
155,1829,0,470,44,590
157,1829,59,608,126,672
152,1830,500,119,549,196
150,1830,572,84,601,154
159,1830,564,197,595,261
155,1830,0,470,42,588
157,1830,58,608,125,672
152,1831,500,118,549,197
150,1831,571,83,601,154
159,1831,567,198,596,263
155,1831,0,470,39,588
157,1831,57,608,123,672
152,1832,498,117,548,197
150,1832,571,82,602,154
159,1832,569,199,596,263
155,1832,0,466,36,590
152,1833,495,116,545,196
150,1833,571,81,601,154
159,1833,570,199,597,263
155,1833,0,461,32,593
150,1834,568,52,605,142
152,1834,493,116,544,195
159,1834,571,200,599,264
155,1834,0,459,31,596
150,1835,568,53,606,143
152,1835,493,116,543,193
159,1835,571,201,600,265
155,1835,0,459,30,597
150,1836,566,53,607,145
152,1836,494,115,543,191
159,1836,581,206,610,272
155,1836,0,461,30,597
150,1837,565,54,607,146
152,1837,495,115,541,190
159,1837,583,205,613,272
155,1837,0,461,30,597
150,1838,564,53,608,147
152,1838,494,113,541,189
159,1838,584,205,616,270
155,1838,0,462,30,598
150,1839,564,50,608,147
152,1839,493,112,539,189
159,1839,586,206,617,269
155,1839,0,460,31,600
150,1840,564,49,607,145
152,1840,493,113,539,189
159,1840,587,208,618,271
155,1840,0,460,32,600
150,1841,563,47,608,144
152,1841,493,114,538,188
159,1841,590,211,620,275
155,1841,0,458,33,602
150,1842,563,48,607,141
152,1842,494,115,538,187
159,1842,594,214,624,278
150,1843,563,49,607,140
152,1843,493,114,537,188
159,1843,600,215,629,279
150,1844,565,49,606,139
152,1844,493,113,536,189
159,1844,605,215,634,280
150,1845,565,48,605,139
152,1845,492,111,536,191
159,1845,608,215,639,281
150,1846,564,46,605,139
152,1846,491,109,536,193
159,1846,609,215,642,283
150,1847,564,45,605,138
152,1847,490,108,534,195
159,1847,610,216,644,284
150,1848,565,47,604,137
152,1848,490,108,532,196
159,1848,612,216,646,285
150,1849,566,47,603,137
152,1849,489,108,530,197
159,1849,614,216,648,285
150,1850,567,49,601,137
152,1850,489,109,529,196
159,1850,615,217,651,285
150,1851,567,48,600,137
152,1851,488,110,528,196
159,1851,628,221,662,282
150,1852,566,47,599,136
152,1852,487,110,527,197
159,1852,630,223,663,284
150,1853,566,44,600,135
152,1853,486,109,525,198
159,1853,632,225,664,285
161,1853,21,581,70,645
150,1854,567,44,599,134
152,1854,485,109,524,197
159,1854,634,225,665,285
161,1854,20,580,69,644
150,1855,568,47,599,132
162,1855,480,128,518,210
159,1855,635,225,667,284
161,1855,19,580,69,644
150,1856,583,49,610,121
162,1856,481,130,518,211
159,1856,638,225,670,285
161,1856,18,579,68,644
150,1857,583,50,610,118
162,1857,482,131,518,211
159,1857,641,226,674,285
161,1857,17,578,68,644
150,1858,583,49,611,117
162,1858,483,132,518,211
159,1858,646,226,680,288
161,1858,15,577,68,645
150,1859,583,48,612,115
162,1859,484,132,518,209
159,1859,647,233,679,297
161,1859,11,549,66,640
150,1860,583,45,611,113
162,1860,484,130,518,210
159,1860,650,234,685,298
161,1860,10,549,65,639
150,1861,583,42,611,110
162,1861,485,131,519,212
159,1861,652,236,689,299
161,1861,8,549,65,638
150,1862,584,42,611,108
162,1862,486,133,519,214
159,1862,653,239,692,299
161,1862,7,551,65,637
150,1863,585,42,611,106
162,1863,489,136,520,215
159,1863,656,241,693,299
161,1863,5,553,64,636
150,1864,586,43,612,105
162,1864,490,140,522,216
159,1864,658,243,693,298
161,1864,3,555,63,635
150,1865,586,42,613,104
162,1865,493,143,525,218
159,1865,661,244,694,298
161,1865,1,555,61,633
150,1866,586,41,614,103
162,1866,495,145,527,218
159,1866,665,245,695,299
161,1866,0,555,57,631
150,1867,585,40,614,104
162,1867,498,147,531,221
159,1867,679,243,710,303
161,1867,0,553,52,628
150,1868,584,39,615,105
162,1868,500,150,534,223
159,1868,681,243,713,304
161,1868,0,550,49,626
150,1869,584,38,615,105
162,1869,503,154,536,225
159,1869,682,244,716,305
161,1869,0,547,47,625
150,1870,585,37,616,105
163,1870,470,109,502,160
162,1870,505,156,536,226
159,1870,684,243,718,306
161,1870,0,545,46,624
150,1871,586,37,618,105
163,1871,471,109,501,160
162,1871,507,158,535,225
159,1871,685,244,720,307
161,1871,0,543,44,623
150,1872,588,38,619,105
163,1872,471,110,500,161
162,1872,507,160,536,226
159,1872,687,246,722,308
161,1872,0,539,42,624
164,1872,1086,561,1147,632
150,1873,590,38,621,105
163,1873,471,111,500,161
162,1873,509,161,537,227
159,1873,690,248,725,310
161,1873,0,538,40,624
164,1873,1090,561,1148,629
165,1873,1119,578,1180,647
150,1874,590,39,622,105
163,1874,471,111,499,162
162,1874,511,162,540,229
159,1874,695,250,730,311
161,1874,0,453,39,609
164,1874,1092,560,1147,623
165,1874,1117,577,1178,646
150,1875,592,38,623,104
163,1875,470,111,499,161
162,1875,512,163,541,229
159,1875,701,252,734,312
161,1875,0,454,38,610
165,1875,1121,579,1183,647
150,1876,593,38,623,103
163,1876,470,109,498,161
162,1876,514,164,542,229
159,1876,706,254,737,312
161,1876,0,454,37,610
165,1876,1126,581,1190,649
150,1877,595,38,624,101
163,1877,468,108,498,160
162,1877,515,165,544,231
161,1877,0,535,32,624
165,1877,1130,581,1198,653
150,1878,596,38,624,100
163,1878,466,107,497,158
162,1878,516,165,546,232
159,1878,710,255,740,313
161,1878,0,536,31,624
165,1878,1135,581,1203,657
150,1879,596,38,624,98
163,1879,464,106,496,156
162,1879,516,163,547,231
159,1879,710,255,742,315
165,1879,1151,578,1230,673
150,1880,597,38,625,97
163,1880,463,105,495,156
162,1880,515,160,547,229
159,1880,712,256,744,316
165,1880,1154,578,1231,672
150,1881,600,39,627,95
163,1881,462,103,494,156
159,1881,712,257,746,318
165,1881,1159,578,1230,669
150,1882,565,37,596,111
167,1882,603,39,629,95
163,1882,460,103,493,158
159,1882,713,258,749,319
165,1882,1163,580,1234,670
150,1883,566,38,597,111
167,1883,605,39,630,95
163,1883,458,102,491,160
162,1883,529,173,566,234
159,1883,714,259,750,322
165,1883,1163,582,1241,671
150,1884,566,38,597,111
167,1884,606,39,631,95
163,1884,456,102,489,161
159,1884,728,263,761,323
165,1884,1165,586,1249,672
150,1885,567,40,596,111
167,1885,607,39,633,95
163,1885,453,102,486,161
162,1885,534,179,567,235
159,1885,731,264,764,324
169,1885,0,524,27,617
165,1885,1168,588,1253,675
150,1886,568,42,596,109
167,1886,609,39,633,95
163,1886,451,102,485,161
162,1886,537,180,569,234
169,1886,0,523,26,617
165,1886,1205,604,1267,678
150,1887,569,44,595,108
167,1887,611,40,635,95
163,1887,449,101,482,160
169,1887,0,520,25,617
165,1887,1206,604,1272,681
150,1888,569,45,595,107
167,1888,612,41,636,94
163,1888,448,100,480,159
169,1888,0,517,25,619
165,1888,1213,606,1277,685
150,1889,569,46,595,107
167,1889,612,41,637,93
163,1889,446,99,478,158
162,1889,542,180,572,234
165,1889,1224,608,1279,687
150,1890,569,45,596,106
167,1890,612,41,637,93
163,1890,444,99,475,157
162,1890,544,180,573,235
159,1890,743,270,777,334
150,1891,569,46,595,104
167,1891,612,42,637,92
163,1891,442,101,473,156
162,1891,545,181,575,236
159,1891,746,270,781,337
170,1891,1242,631,1279,695
150,1892,570,45,595,101
167,1892,612,42,637,92
163,1892,440,102,470,155
162,1892,547,181,578,237
159,1892,750,270,786,339
150,1893,570,46,595,98
167,1893,613,42,636,91
163,1893,438,102,468,155
162,1893,549,181,583,238
159,1893,753,270,789,341
150,1894,571,45,594,96
167,1894,613,42,635,91
163,1894,437,102,466,155
162,1894,552,181,588,237
159,1894,756,270,792,342
163,1895,437,101,466,156
159,1895,758,279,792,350
163,1896,437,101,465,157
162,1896,559,191,587,242
159,1896,761,281,793,350
163,1897,436,100,464,157
162,1897,560,191,589,243
159,1897,763,282,794,350
163,1898,435,99,463,157
162,1898,561,192,590,243
159,1898,764,283,794,350
163,1899,434,98,462,156
162,1899,563,194,590,243
159,1899,765,284,797,349
163,1900,433,98,461,155
162,1900,565,195,591,243
163,1901,432,99,462,155
162,1901,567,195,591,244
163,1902,431,99,463,155
162,1902,568,195,592,244
159,1902,782,289,814,353
162,1903,569,195,594,245
159,1903,784,290,817,353
162,1904,569,195,595,246
159,1904,785,291,819,353
162,1905,569,195,596,247
159,1905,786,292,821,353
162,1906,569,194,597,248
159,1906,788,293,822,354
162,1907,569,194,598,248
159,1907,790,294,826,355
162,1908,569,194,600,249
162,1909,569,195,601,248
162,1910,579,200,612,250
162,1911,580,201,613,249
159,1911,807,296,839,359
174,1912,396,95,443,156
162,1912,582,203,613,249
159,1912,810,299,841,363
174,1913,396,96,442,156
159,1913,811,300,843,365
174,1914,395,96,440,156
159,1914,813,301,844,367
174,1915,394,96,438,157
159,1915,814,302,846,369
174,1916,393,96,437,157
159,1916,816,304,848,371
174,1917,392,96,436,159
159,1917,829,311,859,374
174,1918,395,96,437,159
159,1918,831,313,861,374
174,1919,397,97,436,160
162,1919,592,208,620,257
159,1919,833,314,863,375
174,1920,398,97,436,161
162,1920,594,209,622,260
159,1920,835,313,865,375
174,1921,396,96,437,162
162,1921,596,210,625,263
174,1922,394,96,437,162
162,1922,598,211,627,265
174,1923,392,96,436,161
162,1923,601,211,630,265
174,1924,390,98,435,160
162,1924,604,211,632,265
159,1924,844,317,875,377
174,1925,389,98,435,160
162,1925,607,212,634,266
159,1925,849,317,881,379
174,1926,387,97,434,161
162,1926,610,212,636,266
159,1926,854,318,885,382
174,1927,387,97,434,161
162,1927,612,211,638,265
159,1927,857,319,888,384
174,1928,385,96,432,160
162,1928,615,211,639,264
174,1929,384,96,430,160
162,1929,615,211,640,264
162,1930,616,212,641,266
174,1931,382,95,428,160
162,1931,616,213,642,268
162,1932,617,214,643,269
162,1933,617,214,645,271
179,1934,387,141,428,213
162,1934,617,214,646,272
179,1935,388,141,429,213
162,1935,617,214,648,272
180,1935,878,334,912,400
179,1936,388,142,428,212
162,1936,617,214,649,271
180,1936,881,335,914,401
179,1937,389,144,428,212
162,1937,618,214,650,270
180,1937,883,337,916,401
179,1938,389,145,428,211
162,1938,619,214,650,270
180,1938,886,338,918,402
179,1939,389,146,428,211
162,1939,626,216,661,266
180,1939,889,339,922,403
179,1940,389,146,428,211
162,1940,627,216,662,265
179,1941,389,145,428,211
179,1942,388,145,428,211
179,1943,388,146,428,210
179,1944,388,146,428,210
179,1945,388,146,428,210
179,1946,388,146,428,210
180,1946,914,341,942,406
179,1947,379,97,418,160
180,1947,915,342,943,408
179,1948,379,98,417,161
180,1948,917,342,944,410
179,1949,362,102,402,153
180,1949,931,347,958,410
179,1950,362,102,401,153
179,1951,362,102,400,152
180,1954,943,357,969,423
180,1955,947,359,974,426
180,1956,951,360,979,429
186,1960,662,236,691,294
186,1961,662,237,693,294
186,1962,662,238,695,295
186,1963,662,239,696,295
186,1964,662,241,696,295
186,1965,663,242,696,295
186,1966,665,244,697,294
186,1967,677,242,712,298
186,1968,679,242,714,297
187,1968,982,364,1013,432
186,1969,681,242,716,296
187,1969,987,365,1018,434
187,1970,992,365,1022,436
187,1971,999,378,1026,445
187,1972,1000,379,1027,446
187,1973,1002,380,1030,445
186,1974,690,243,719,300
187,1974,1004,380,1033,446
186,1975,690,243,721,301
187,1975,1008,382,1036,448
186,1976,691,243,723,302
187,1976,1012,383,1038,451
186,1977,692,244,725,302
187,1977,1013,385,1041,453
186,1978,695,244,727,303
187,1978,1021,384,1060,454
186,1979,697,245,729,304
187,1979,1022,386,1063,455
186,1980,700,246,732,306
187,1980,1024,386,1064,455
186,1981,702,247,734,307
187,1981,1027,385,1066,457
186,1982,705,249,735,307
187,1982,1030,386,1066,458
186,1983,707,250,737,308
187,1983,1032,386,1068,459
186,1984,709,251,738,308
187,1984,1034,386,1069,461
187,1985,1035,385,1070,462
187,1986,1039,384,1072,464
187,1987,1044,384,1075,465
187,1988,1049,384,1078,465
186,1989,714,257,745,313
187,1989,1053,386,1081,464
186,1990,716,258,746,315
187,1990,1055,387,1084,464
186,1991,716,259,747,317
187,1991,1056,388,1086,463
186,1992,716,260,749,318
187,1992,1057,388,1088,464
186,1993,716,259,751,319
187,1993,1058,389,1089,464
187,1994,1059,391,1089,465
190,1994,1135,387,1178,466
187,1995,1059,394,1089,465
190,1995,1136,390,1176,464
186,1996,730,261,761,317
190,1996,1136,391,1174,462
190,1997,1136,391,1174,461
