0,2755,0,374,46,427
1,2755,46,489,97,558
0,2756,767,315,798,378
2,2756,0,374,46,427
1,2756,48,487,97,558
0,2757,767,307,799,377
2,2757,0,374,46,427
1,2757,49,484,98,559
0,2758,758,304,799,374
2,2758,0,374,47,427
1,2758,50,481,97,559
0,2759,750,301,799,373
2,2759,0,374,47,427
1,2759,51,479,97,559
0,2760,731,296,795,376
2,2760,0,375,47,427
1,2760,50,477,99,558
0,2761,721,291,797,377
2,2761,0,375,46,427
1,2761,49,474,100,559
2,2762,0,375,46,426
1,2762,48,472,102,560
0,2762,707,286,798,392
2,2763,0,375,46,426
1,2763,48,472,102,560
0,2763,698,286,798,387
2,2764,0,375,46,426
1,2764,49,472,102,560
0,2764,690,285,797,385
2,2765,0,375,46,426
1,2765,49,472,103,560
0,2765,686,278,796,371
2,2766,0,374,46,426
1,2766,49,472,105,560
0,2766,667,275,799,365
2,2767,0,374,46,426
1,2767,49,472,106,560
0,2767,659,271,799,360
2,2768,0,374,46,426
1,2768,50,472,100,553
0,2768,649,268,799,357
2,2769,0,375,46,426
1,2769,52,472,99,552
0,2769,640,266,798,353
2,2770,0,375,45,426
1,2770,53,472,100,549
0,2770,631,263,796,350
2,2771,0,375,45,426
1,2771,55,470,100,545
0,2771,621,261,783,345
2,2772,0,375,45,426
1,2772,56,468,101,542
0,2772,614,258,777,345
2,2773,0,375,45,426
1,2773,58,466,100,541
0,2773,609,255,766,337
2,2774,0,375,46,426
1,2774,58,463,103,540
0,2774,598,254,746,331
2,2775,0,375,46,426
1,2775,59,461,105,540
0,2775,592,252,738,328
0,2776,588,251,725,318
2,2776,0,375,46,426
1,2776,59,460,108,541
0,2777,590,250,717,316
2,2777,0,374,46,426
1,2777,58,458,131,552
0,2778,575,248,699,311
2,2778,0,374,46,426
1,2778,59,459,132,550
0,2779,568,247,696,311
2,2779,0,375,45,426
1,2779,61,459,132,549
0,2780,563,245,687,309
2,2780,0,375,46,426
1,2780,62,459,131,548
0,2781,562,245,679,307
2,2781,0,375,46,426
1,2781,62,458,130,547
0,2782,550,243,666,304
2,2782,0,375,46,426
1,2782,63,457,129,545
3,2783,791,229,799,265
0,2783,544,242,660,302
2,2783,0,375,46,426
1,2783,65,455,126,542
3,2784,790,230,799,265
0,2784,535,237,652,296
2,2784,0,375,46,426
1,2784,69,452,109,535
3,2785,788,231,799,265
0,2785,533,235,645,293
2,2785,0,374,46,425
1,2785,71,450,108,532
3,2786,788,230,799,264
0,2786,521,234,637,292
2,2786,0,374,46,425
1,2786,72,450,108,530
3,2787,788,229,799,264
0,2787,516,231,631,291
2,2787,0,375,46,425
1,2787,72,449,108,528
3,2788,789,229,799,266
0,2788,513,229,622,288
2,2788,0,375,46,424
1,2788,72,449,108,527
3,2789,790,229,799,266
0,2789,509,228,613,286
2,2789,0,375,46,424
1,2789,72,447,120,527
3,2790,789,229,799,266
0,2790,507,227,608,284
2,2790,0,375,46,423
1,2790,74,447,103,516
3,2791,788,230,799,265
0,2791,496,226,599,282
2,2791,0,375,46,423
1,2791,75,447,103,515
3,2792,786,230,798,264
0,2792,494,224,594,281
2,2792,0,375,46,422
1,2792,74,446,103,514
3,2793,786,230,798,263
0,2793,490,223,587,280
2,2793,0,375,46,422
1,2793,74,446,104,514
3,2794,786,230,798,262
0,2794,486,222,581,278
2,2794,0,375,46,422
1,2794,74,445,105,514
3,2795,785,229,797,262
0,2795,481,219,576,277
2,2795,0,375,46,423
1,2795,73,445,105,514
3,2796,784,230,797,262
0,2796,479,217,572,274
2,2796,0,375,46,423
1,2796,73,443,106,513
3,2797,784,231,797,262
0,2797,470,218,565,269
2,2797,0,376,46,422
1,2797,73,443,106,513
3,2798,783,231,796,262
0,2798,468,217,561,267
2,2798,0,376,46,422
1,2798,72,442,107,512
3,2799,782,230,796,261
0,2799,466,216,555,266
2,2799,0,376,46,422
1,2799,75,439,113,521
3,2800,782,230,795,261
0,2800,462,216,549,265
2,2800,0,376,46,423
1,2800,76,438,113,520
3,2801,781,229,794,260
0,2801,458,216,543,264
2,2801,0,376,46,423
1,2801,77,436,112,518
3,2802,780,228,793,260
2,2802,0,375,46,423
1,2802,78,435,113,516
3,2803,779,227,792,261
2,2803,0,375,46,423
1,2803,79,433,114,514
3,2804,779,226,792,261
2,2804,0,375,46,423
1,2804,79,431,115,511
3,2805,779,226,791,262
2,2805,0,375,46,424
1,2805,80,428,116,509
3,2806,779,227,790,261
2,2806,0,375,45,424
4,2806,776,392,798,474
1,2806,80,428,120,510
3,2807,778,226,790,261
2,2807,0,374,45,424
4,2807,769,397,799,462
1,2807,81,428,125,511
3,2808,778,226,790,261
2,2808,0,374,45,424
4,2808,755,376,799,455
1,2808,81,429,131,511
3,2809,777,224,791,260
2,2809,0,374,45,424
4,2809,748,375,799,454
1,2809,81,430,135,510
3,2810,777,225,791,260
2,2810,0,374,45,424
4,2810,729,369,797,453
1,2810,82,430,137,509
3,2811,777,225,791,261
2,2811,0,374,45,424
4,2811,720,367,797,454
1,2811,83,429,138,508
3,2812,777,226,790,261
2,2812,0,374,46,424
1,2812,84,428,139,507
4,2812,712,348,797,468
3,2813,776,225,790,261
2,2813,0,375,46,424
1,2813,86,427,137,506
4,2813,701,351,797,463
3,2814,776,226,790,261
2,2814,0,375,46,423
1,2814,88,425,134,504
4,2814,691,354,798,456
3,2815,775,226,790,261
2,2815,0,375,46,423
1,2815,90,423,133,503
4,2815,683,353,799,451
3,2816,775,226,790,261
2,2816,0,376,46,423
1,2816,91,422,131,500
4,2816,669,351,797,445
3,2817,774,226,789,260
2,2817,0,376,46,423
1,2817,92,420,131,497
4,2817,659,349,797,439
3,2818,774,226,789,260
2,2818,0,376,46,423
1,2818,93,419,128,494
4,2818,652,338,797,430
3,2819,774,226,788,260
2,2819,0,376,46,423
1,2819,95,418,128,493
4,2819,643,335,795,424
3,2820,774,225,788,259
2,2820,0,376,46,424
1,2820,95,413,124,489
4,2820,634,330,792,418
3,2821,773,224,787,259
2,2821,0,375,47,424
1,2821,96,412,124,488
4,2821,622,326,780,411
3,2822,773,224,787,259
2,2822,1,375,47,424
1,2822,97,412,125,488
4,2822,618,323,769,407
3,2823,772,224,786,258
2,2823,1,375,47,424
1,2823,97,411,126,488
4,2823,608,321,763,405
3,2824,771,224,785,258
2,2824,0,375,47,424
1,2824,97,412,127,487
4,2824,596,315,746,394
3,2825,771,224,785,259
2,2825,0,375,47,424
1,2825,98,412,128,486
4,2825,592,311,737,391
3,2826,770,225,784,258
2,2826,0,375,47,424
1,2826,99,413,128,485
4,2826,584,306,729,388
5,2827,752,230,765,261
3,2827,770,225,784,258
2,2827,0,375,47,424
1,2827,100,413,129,485
4,2827,580,302,724,384
3,2828,769,226,783,258
4,2828,571,306,700,375
2,2828,0,375,47,424
1,2828,101,412,131,484
3,2829,769,227,783,258
4,2829,566,304,692,371
2,2829,0,375,47,424
1,2829,102,411,132,483
3,2830,767,227,783,259
4,2830,562,303,684,369
2,2830,0,375,47,424
1,2830,103,411,133,482
6,2831,750,232,767,263
3,2831,767,227,784,260
4,2831,560,306,678,364
2,2831,0,375,47,424
1,2831,103,412,134,480
6,2832,750,231,767,264
3,2832,767,227,783,261
4,2832,542,295,668,356
2,2832,0,375,47,424
1,2832,104,411,133,477
6,2833,750,231,767,264
3,2833,767,227,783,261
4,2833,536,293,659,353
2,2833,0,375,47,424
1,2833,105,409,133,474
6,2834,750,230,768,265
3,2834,767,228,782,261
4,2834,533,290,647,348
2,2834,0,375,47,424
1,2834,105,408,134,470
3,2835,767,228,781,260
4,2835,525,290,636,345
2,2835,0,375,47,424
1,2835,106,406,134,468
3,2836,766,229,780,260
4,2836,520,287,634,345
2,2836,0,375,47,424
1,2836,106,405,134,466
6,2837,750,231,767,264
7,2837,767,230,780,260
4,2837,516,286,624,342
2,2837,0,375,47,424
1,2837,109,409,141,471
6,2838,751,230,768,264
3,2838,767,230,780,260
4,2838,511,284,614,339
2,2838,0,375,47,424
1,2838,109,407,142,470
6,2839,752,228,768,264
3,2839,767,230,780,260
4,2839,509,281,607,336
8,2839,769,309,799,373
2,2839,0,375,47,425
1,2839,108,405,144,470
6,2840,752,227,768,265
3,2840,767,230,780,261
4,2840,502,278,595,331
8,2840,764,306,799,369
2,2840,0,375,47,424
1,2840,109,405,144,469
6,2841,751,226,769,266
4,2841,500,276,590,328
8,2841,755,293,799,359
2,2841,0,375,47,424
1,2841,110,404,144,468
6,2842,750,226,769,266
4,2842,495,273,581,322
8,2842,745,294,799,358
2,2842,0,375,47,424
1,2842,110,403,144,467
6,2843,750,225,769,267
4,2843,489,271,576,321
8,2843,741,291,799,358
2,2843,0,375,47,424
1,2843,111,404,146,466
6,2844,749,225,768,266
4,2844,485,268,572,318
8,2844,728,285,798,359
2,2844,0,375,47,425
1,2844,111,404,150,465
6,2845,749,225,768,266
4,2845,483,266,568,315
8,2845,721,283,798,361
2,2845,0,375,47,425
1,2845,112,404,152,464
6,2846,748,225,766,265
4,2846,472,264,561,312
8,2846,715,284,799,360
2,2846,0,375,47,424
1,2846,113,403,153,463
6,2847,746,226,764,264
4,2847,469,262,556,311
8,2847,708,283,799,357
2,2847,0,375,47,424
1,2847,114,401,150,462
6,2848,745,227,763,264
4,2848,467,259,549,309
8,2848,700,280,799,354
2,2848,0,375,47,424
1,2848,115,399,148,461
3,2849,744,227,762,263
4,2849,463,257,543,306
8,2849,692,276,799,350
2,2849,0,375,47,424
1,2849,116,396,147,459
3,2850,744,227,761,263
4,2850,461,255,537,304
8,2850,686,275,799,347
2,2850,0,375,47,424
1,2850,117,395,149,458
3,2851,745,227,761,262
4,2851,457,253,534,301
8,2851,685,274,797,344
2,2851,0,375,47,424
1,2851,118,393,149,457
3,2852,745,227,760,260
4,2852,451,253,524,296
8,2852,674,270,793,340
2,2852,0,375,47,425
1,2852,119,393,149,456
4,2853,448,251,523,295
8,2853,669,269,791,337
2,2853,0,374,47,424
1,2853,118,392,143,450
4,2854,445,250,519,293
8,2854,664,269,787,335
2,2854,0,374,46,424
1,2854,119,393,144,448
4,2855,439,244,513,289
8,2855,662,268,781,334
2,2855,0,374,46,424
1,2855,119,392,145,447
4,2856,437,243,510,288
8,2856,649,263,780,328
2,2856,0,374,46,425
1,2856,120,392,146,447
4,2857,434,241,506,286
8,2857,649,261,771,325
2,2857,0,374,46,425
1,2857,121,392,147,446
4,2858,431,239,503,285
8,2858,635,260,769,322
2,2858,0,374,46,425
1,2858,122,393,147,445
4,2859,427,236,500,283
8,2859,632,258,763,319
2,2859,0,373,46,425
1,2859,123,392,147,445
4,2860,424,234,493,280
8,2860,629,255,754,316
2,2860,0,373,46,426
1,2860,123,392,147,445
3,2861,744,226,760,262
4,2861,422,233,490,278
8,2861,625,253,746,314
2,2861,0,373,46,426
1,2861,123,392,148,444
3,2862,745,226,760,262
4,2862,419,232,487,277
8,2862,626,251,737,312
2,2862,0,373,46,426
1,2862,124,391,148,444
9,2863,744,227,759,262
4,2863,416,231,483,276
8,2863,616,252,728,310
2,2863,0,373,46,426
1,2863,124,390,148,444
9,2864,744,228,759,262
4,2864,415,230,480,275
8,2864,612,251,725,309
2,2864,0,373,46,426
1,2864,124,388,148,442
4,2865,413,229,477,274
8,2865,609,250,718,307
2,2865,0,373,46,426
1,2865,123,387,147,441
4,2866,412,228,473,273
8,2866,606,249,711,305
2,2866,0,373,46,426
1,2866,124,385,147,440
4,2867,409,227,470,270
8,2867,603,248,706,304
10,2867,770,312,799,369
2,2867,0,374,46,426
1,2867,124,384,149,438
3,2868,745,229,759,263
4,2868,407,226,466,267
8,2868,601,246,702,302
10,2868,768,293,799,354
2,2868,0,374,46,426
1,2868,125,383,151,437
3,2869,745,228,759,263
4,2869,406,225,463,264
8,2869,600,246,697,300
10,2869,759,293,799,354
2,2869,0,374,46,427
1,2869,125,383,152,436
3,2870,745,228,759,264
4,2870,400,225,456,262
8,2870,592,245,689,297
10,2870,751,290,799,356
2,2870,0,374,46,427
1,2870,125,382,153,436
3,2871,746,227,759,264
4,2871,400,225,455,261
8,2871,589,239,686,296
10,2871,735,288,797,351
2,2871,0,373,46,427
1,2871,125,381,153,436
3,2872,746,227,759,264
4,2872,399,225,454,259
8,2872,585,239,684,295
10,2872,729,287,798,354
2,2872,0,373,46,427
1,2872,125,381,154,436
3,2873,746,227,759,264
4,2873,398,224,451,257
8,2873,581,238,678,293
10,2873,723,284,797,354
2,2873,0,373,46,426
1,2873,126,381,154,436
11,2874,746,228,759,263
4,2874,396,224,448,256
8,2874,577,236,673,291
10,2874,717,281,796,351
2,2874,0,374,46,426
1,2874,126,381,153,435
3,2875,746,228,759,262
8,2875,575,234,668,290
10,2875,709,278,796,349
2,2875,0,374,46,426
1,2875,126,380,152,434
12,2876,746,229,759,261
8,2876,575,233,664,289
10,2876,702,277,795,347
2,2876,0,374,46,426
1,2876,126,379,152,433
8,2877,577,232,661,287
10,2877,696,275,794,346
2,2877,0,374,47,426
1,2877,126,378,152,433
8,2878,566,233,652,285
10,2878,692,273,792,344
2,2878,0,374,47,426
1,2878,127,377,152,432
8,2879,564,232,650,285
10,2879,682,271,784,339
2,2879,0,374,46,426
1,2879,127,375,152,431
8,2880,562,231,647,283
10,2880,677,269,783,337
2,2880,0,374,47,426
1,2880,127,373,152,431
8,2881,560,230,645,282
10,2881,672,269,775,334
2,2881,0,375,47,426
1,2881,127,372,153,430
8,2882,558,230,642,281
10,2882,669,264,763,328
2,2882,0,375,47,425
1,2882,127,371,153,430
8,2883,557,230,639,280
10,2883,656,266,749,324
2,2883,0,375,47,425
1,2883,127,371,154,430
8,2884,555,229,635,279
10,2884,650,263,750,326
2,2884,0,375,47,425
1,2884,128,370,155,430
8,2885,554,228,632,278
10,2885,644,260,746,323
2,2885,0,375,47,425
1,2885,129,370,155,430
8,2886,553,227,629,277
10,2886,638,257,739,321
2,2886,0,375,47,425
1,2886,130,370,156,430
8,2887,552,226,627,276
10,2887,633,256,733,318
2,2887,0,375,47,426
1,2887,130,370,156,430
8,2888,551,225,626,275
10,2888,624,258,718,314
2,2888,0,375,47,426
1,2888,130,369,156,430
8,2889,542,223,616,272
10,2889,618,255,718,314
2,2889,0,375,47,425
1,2889,129,369,156,430
8,2890,541,223,614,271
10,2890,613,255,714,314
2,2890,0,374,47,425
1,2890,130,369,156,429
8,2891,541,222,612,270
10,2891,609,255,708,312
2,2891,0,375,47,426
1,2891,131,369,157,427
8,2892,540,222,611,268
10,2892,607,255,702,310
2,2892,0,375,47,426
1,2892,131,369,157,426
8,2893,538,221,610,266
10,2893,608,254,696,308
2,2893,0,375,47,425
1,2893,132,368,157,425
8,2894,537,221,609,265
10,2894,595,252,682,306
2,2894,0,375,47,425
1,2894,131,366,157,426
8,2895,537,221,607,263
10,2895,591,251,682,306
2,2895,0,375,47,426
1,2895,131,365,157,427
8,2896,536,221,604,262
10,2896,587,251,679,304
2,2896,0,375,47,426
1,2896,131,365,159,429
8,2897,535,221,601,261
10,2897,585,250,675,302
2,2897,0,375,47,426
1,2897,132,363,160,431
8,2898,534,221,600,261
10,2898,581,248,670,301
1,2898,131,364,155,416
2,2898,0,376,47,426
8,2899,533,220,597,261
10,2899,581,247,665,299
1,2899,132,364,156,417
2,2899,0,376,47,426
8,2900,532,219,595,260
10,2900,581,246,660,298
1,2900,132,363,157,417
2,2900,0,375,47,427
10,2901,567,238,643,292
1,2901,133,363,158,418
2,2901,0,375,47,427
10,2902,563,239,643,292
1,2902,132,362,158,418
2,2902,0,374,47,427
10,2903,560,240,643,292
1,2903,132,361,158,419
2,2903,0,375,47,426
10,2904,558,240,642,291
1,2904,132,361,158,420
2,2904,0,375,47,426
10,2905,556,239,638,290
1,2905,133,361,158,419
2,2905,0,375,46,426
10,2906,556,237,634,289
1,2906,134,361,158,419
2,2906,0,375,46,426
10,2907,542,224,605,274
8,2907,554,236,631,288
1,2907,134,360,157,419
2,2907,0,375,46,426
8,2908,555,237,627,287
1,2908,133,359,157,418
2,2908,0,375,46,426
8,2909,538,228,605,280
1,2909,133,357,156,416
2,2909,0,375,47,426
8,2910,535,226,604,281
1,2910,133,356,156,414
2,2910,0,375,47,426
8,2911,531,224,607,282
1,2911,133,355,156,413
2,2911,0,375,47,425
8,2912,530,223,607,281
1,2912,133,354,157,412
2,2912,0,375,48,425
8,2913,529,225,605,281
1,2913,134,353,158,413
2,2913,0,375,48,425
8,2914,528,227,602,280
1,2914,134,352,158,414
2,2914,0,375,47,426
8,2915,526,225,600,279
1,2915,134,351,159,415
2,2915,0,375,47,425
8,2916,524,224,598,278
1,2916,135,351,159,415
2,2916,0,375,47,425
8,2917,515,216,576,272
1,2917,135,351,160,414
2,2917,0,375,47,425
8,2918,513,216,576,272
1,2918,135,351,161,414
2,2918,0,375,47,425
8,2919,512,215,577,272
1,2919,135,350,162,412
2,2919,0,375,47,425
8,2920,510,216,578,271
1,2920,135,350,162,412
2,2920,0,375,47,425
8,2921,508,216,577,271
1,2921,135,349,162,409
2,2921,0,375,47,425
8,2922,506,218,574,270
1,2922,135,348,161,406
2,2922,0,375,47,425
8,2923,505,219,571,269
1,2923,135,347,161,402
2,2923,0,375,47,425
8,2924,504,220,568,269
1,2924,135,346,161,401
2,2924,0,375,47,425
8,2925,503,220,565,268
1,2925,135,345,161,399
2,2925,0,375,47,425
8,2926,501,221,561,267
1,2926,135,345,161,398
2,2926,0,375,47,425
8,2927,500,222,557,265
1,2927,134,344,161,397
2,2927,0,375,47,425
8,2928,488,223,541,263
1,2928,135,344,161,396
2,2928,0,375,47,425
8,2929,488,223,541,262
1,2929,135,343,162,396
2,2929,0,375,47,425
8,2930,488,223,543,261
1,2930,135,342,163,397
2,2930,0,375,47,425
8,2931,488,223,542,260
1,2931,135,342,164,398
2,2931,0,376,47,425
8,2932,488,222,540,260
1,2932,135,342,164,398
2,2932,0,376,47,425
8,2933,486,221,538,260
1,2933,136,342,164,398
2,2933,0,376,47,425
1,2934,136,342,164,398
2,2934,0,376,47,424
1,2935,136,342,164,398
2,2935,0,376,47,424
1,2936,136,341,163,396
2,2936,0,376,47,424
1,2937,136,341,163,395
2,2937,0,376,47,424
1,2938,136,340,161,393
2,2938,0,376,47,424
1,2939,136,340,160,393
2,2939,0,376,47,425
1,2940,136,338,160,393
2,2940,0,376,47,425
1,2941,136,337,161,392
2,2941,0,375,47,425
1,2942,137,335,162,392
2,2942,0,375,47,425
1,2943,137,335,163,392
2,2943,0,375,47,426
1,2944,135,333,160,386
2,2944,0,375,47,426
1,2945,135,333,160,386
2,2945,0,375,47,426
1,2946,138,334,163,392
2,2946,0,375,47,426
1,2947,137,334,163,392
2,2947,0,375,47,426
1,2948,137,334,164,392
2,2948,0,375,47,426
1,2949,135,334,161,386
2,2949,0,375,47,426
1,2950,135,334,162,386
2,2950,0,375,47,426
1,2951,135,334,161,385
2,2951,0,375,47,426
1,2952,135,333,161,384
2,2952,0,375,47,426
1,2953,134,333,160,383
2,2953,0,375,47,426
1,2954,133,332,159,383
2,2954,0,375,47,426
1,2955,133,331,159,382
2,2955,0,375,47,425
1,2956,133,331,159,382
2,2956,0,376,47,425
1,2957,133,330,159,382
2,2957,0,376,47,425
1,2958,133,330,159,382
2,2958,0,376,47,426
1,2959,134,330,159,382
2,2959,0,375,47,426
1,2960,134,330,159,382
2,2960,0,375,47,426
1,2961,134,330,159,383
2,2961,0,375,47,426
1,2962,134,330,159,383
2,2962,0,375,47,426
1,2963,134,330,159,382
2,2963,0,375,48,426
1,2964,134,330,159,382
2,2964,0,375,48,426
1,2965,134,330,159,382
2,2965,0,375,48,426
1,2966,139,330,157,376
2,2966,0,375,48,426
1,2967,138,329,157,376
2,2967,0,375,48,426
1,2968,138,328,157,376
2,2968,0,374,47,426
1,2969,139,327,157,376
2,2969,0,374,47,426
1,2970,139,326,157,376
2,2970,0,374,47,426
1,2971,138,325,156,375
2,2971,0,374,47,426
1,2972,138,325,156,373
2,2972,0,374,47,426
1,2973,138,325,156,370
2,2973,0,373,47,426
1,2974,133,322,161,376
2,2974,0,373,47,426
1,2975,133,322,160,376
2,2975,0,373,46,426
1,2976,133,323,160,376
2,2976,0,374,46,426
1,2977,133,323,160,376
2,2977,0,374,46,425
1,2978,133,323,160,376
2,2978,0,374,47,426
1,2979,133,323,160,375
2,2979,0,374,46,426
1,2980,137,326,156,368
2,2980,0,374,46,426
1,2981,137,325,156,369
2,2981,0,374,46,426
1,2982,137,324,156,369
2,2982,0,374,46,426
1,2983,137,324,156,369
2,2983,0,374,46,426
1,2984,137,322,156,369
2,2984,0,375,46,426
1,2985,137,322,155,367
2,2985,0,375,46,425
1,2986,137,321,155,367
2,2986,0,375,46,425
1,2987,138,321,156,366
2,2987,0,375,46,425
1,2988,138,321,156,365
2,2988,0,375,46,425
1,2989,138,321,156,364
2,2989,0,375,46,425
1,2990,138,321,157,363
2,2990,0,375,46,425
1,2991,139,320,157,362
2,2991,0,375,46,425
1,2992,139,320,157,362
2,2992,0,375,46,425
1,2993,139,321,158,361
2,2993,0,375,46,425
1,2994,139,321,158,360
2,2994,0,375,47,425
1,2995,139,321,158,359
2,2995,0,375,47,425
1,2996,139,321,158,358
2,2996,0,375,47,425
1,2997,139,320,158,358
2,2997,0,375,47,425
1,2998,139,320,157,358
2,2998,0,375,47,426
1,2999,139,318,157,358
2,2999,0,375,47,426
1,3000,140,317,157,358
2,3000,0,375,47,426
1,3001,140,315,157,359
2,3001,0,375,47,426
1,3002,140,314,157,359
2,3002,0,376,46,426
1,3003,139,314,157,358
2,3003,0,375,46,426
1,3004,139,315,157,357
13,3004,767,314,797,376
2,3004,0,375,46,426
1,3005,140,316,157,356
13,3005,766,310,799,376
2,3005,0,375,46,426
1,3006,139,316,157,356
13,3006,760,304,799,376
2,3006,0,375,46,426
1,3007,139,316,157,356
13,3007,751,299,798,378
2,3007,0,376,46,425
1,3008,139,316,157,355
13,3008,735,296,794,376
2,3008,0,376,46,425
1,3009,139,317,157,354
13,3009,724,290,796,379
2,3009,0,377,46,425
1,3010,139,317,156,354
2,3010,0,377,47,425
13,3010,712,284,798,395
1,3011,140,317,156,353
2,3011,0,377,47,425
13,3011,703,281,798,392
1,3012,140,316,156,353
2,3012,0,376,47,425
13,3012,694,280,798,388
1,3013,136,315,148,341
2,3013,0,376,47,425
13,3013,687,272,798,375
1,3014,135,313,149,344
2,3014,0,375,47,426
13,3014,670,269,799,373
1,3015,134,310,150,346
2,3015,0,375,47,426
13,3015,663,270,799,368
1,3016,134,310,151,347
2,3016,0,375,46,426
13,3016,657,269,797,365
1,3017,134,309,151,347
2,3017,0,375,46,426
13,3017,647,266,798,361
1,3018,134,309,151,347
2,3018,0,375,46,426
13,3018,638,262,798,356
1,3019,135,309,152,347
2,3019,0,375,47,426
13,3019,631,260,796,352
1,3020,135,308,153,348
2,3020,0,375,47,426
13,3020,617,259,788,348
1,3021,136,308,153,348
2,3021,0,375,47,426
13,3021,612,258,781,346
1,3022,136,308,153,348
2,3022,0,375,47,426
13,3022,605,252,770,341
1,3023,136,308,153,347
2,3023,0,375,47,426
13,3023,602,252,763,337
1,3024,136,308,153,347
2,3024,0,375,47,426
13,3024,592,250,745,331
1,3025,136,308,152,346
2,3025,0,375,47,426
13,3025,587,247,736,328
1,3026,137,308,152,346
2,3026,0,375,47,426
13,3026,581,245,727,324
1,3027,137,308,152,346
2,3027,0,375,46,427
13,3027,578,244,722,322
1,3028,137,307,152,346
2,3028,0,375,47,426
13,3028,570,244,710,319
1,3029,137,306,152,346
2,3029,0,375,47,426
13,3029,566,242,702,317
1,3030,138,305,153,347
13,3030,562,245,692,312
2,3030,0,375,47,427
1,3031,138,304,154,348
13,3031,562,245,681,310
2,3031,0,375,46,427
1,3032,138,303,154,348
13,3032,547,241,673,306
2,3032,0,374,46,428
1,3033,138,303,154,347
13,3033,542,241,671,304
2,3033,0,374,46,427
1,3034,137,303,153,345
13,3034,541,240,662,302
2,3034,0,374,47,427
1,3035,137,303,153,345
13,3035,535,237,652,296
2,3035,0,374,47,427
1,3036,137,303,153,345
13,3036,525,236,632,292
2,3036,0,374,47,426
1,3037,138,303,153,345
13,3037,518,235,635,295
2,3037,0,374,47,426
1,3038,138,303,153,344
13,3038,515,234,630,293
2,3038,0,374,47,427
1,3039,138,303,153,343
13,3039,511,233,623,290
2,3039,0,374,48,427
1,3040,138,302,153,343
13,3040,508,230,615,287
2,3040,0,374,47,426
1,3041,138,302,153,344
13,3041,507,230,608,284
2,3041,0,374,47,426
1,3042,138,302,153,344
13,3042,492,229,602,283
2,3042,0,374,47,426
1,3043,139,301,153,344
13,3043,489,229,598,282
2,3043,0,373,47,427
1,3044,139,301,154,343
13,3044,486,229,592,280
2,3044,0,374,47,426
1,3045,140,301,154,343
13,3045,483,228,586,279
2,3045,0,374,47,426
1,3046,140,301,154,342
13,3046,479,226,580,277
2,3046,0,374,47,426
1,3047,140,301,154,340
13,3047,478,225,575,275
2,3047,0,374,47,426
1,3048,140,301,154,340
13,3048,470,220,567,271
2,3048,0,374,48,426
1,3049,140,300,155,341
13,3049,469,220,566,270
2,3049,0,374,48,426
1,3050,140,300,155,341
13,3050,468,219,560,269
2,3050,0,374,48,426
1,3051,140,300,155,341
13,3051,466,218,554,268
2,3051,0,374,48,426
1,3052,140,300,156,340
13,3052,462,217,548,267
2,3052,0,374,47,426
1,3053,140,300,156,340
13,3053,459,217,544,265
2,3053,0,374,47,426
1,3054,140,300,155,339
13,3054,457,217,540,264
2,3054,0,374,47,426
1,3055,141,300,155,339
2,3055,0,374,47,426
1,3056,141,300,155,339
2,3056,0,374,47,426
1,3057,141,300,155,339
2,3057,0,374,47,426
1,3058,142,300,156,339
2,3058,0,374,47,427
1,3059,142,299,156,339
2,3059,0,374,47,427
1,3060,142,299,156,338
2,3060,0,374,47,427
1,3061,141,298,156,337
2,3061,0,375,47,426
1,3062,141,298,155,335
2,3062,0,376,47,426
1,3063,141,298,155,333
2,3063,0,376,47,426
1,3064,141,298,154,332
2,3064,0,376,47,426
1,3065,141,298,154,332
2,3065,0,376,47,426
1,3066,141,298,154,332
2,3066,0,376,47,425
1,3067,141,298,154,332
2,3067,0,376,47,425
1,3068,141,298,154,331
2,3068,0,376,47,425
1,3069,142,297,154,331
2,3069,0,375,47,426
1,3070,142,297,154,332
2,3070,0,375,47,426
1,3071,141,297,155,332
2,3071,0,375,47,426
1,3072,141,296,155,332
2,3072,0,375,47,426
1,3073,141,296,155,331
2,3073,0,375,47,426
1,3074,142,295,155,331
2,3074,0,375,47,426
1,3075,142,294,155,331
2,3075,0,375,47,426
1,3076,142,294,155,331
2,3076,0,375,47,426
1,3077,142,293,155,330
2,3077,0,375,47,426
1,3078,142,294,155,330
2,3078,0,375,47,426
1,3079,142,294,155,330
2,3079,0,376,47,426
1,3080,142,295,155,330
2,3080,0,375,47,426
1,3081,142,295,155,330
2,3081,0,375,47,426
1,3082,142,295,155,329
2,3082,0,375,47,426
1,3083,142,295,155,328
2,3083,0,375,47,426
1,3084,142,295,155,328
14,3084,770,310,797,384
2,3084,0,375,47,426
1,3085,143,295,155,328
14,3085,765,316,799,379
2,3085,0,375,47,426
1,3086,143,295,155,328
14,3086,759,316,799,380
15,3086,0,375,47,426
1,3087,143,295,155,328
14,3087,749,315,799,382
2,3087,0,375,47,426
1,3088,142,294,155,328
14,3088,730,310,798,384
2,3088,0,375,47,426
1,3089,142,294,154,327
14,3089,722,307,799,386
2,3089,0,375,48,426
1,3090,142,293,154,325
14,3090,716,304,799,385
2,3090,0,375,47,426
1,3091,142,293,154,323
14,3091,710,304,799,381
2,3091,0,375,47,426
1,3092,142,293,154,322
14,3092,700,302,799,376
2,3092,0,375,47,427
1,3093,142,293,154,323
14,3093,687,298,799,371
2,3093,0,375,47,427
1,3094,142,292,153,323
14,3094,687,299,799,367
2,3094,0,376,47,427
1,3095,141,292,153,323
14,3095,667,291,797,359
2,3095,0,376,47,427
1,3096,141,291,153,323
14,3096,655,287,799,356
2,3096,0,375,47,427
1,3097,141,291,153,322
14,3097,649,285,790,351
2,3097,0,375,46,427
1,3098,141,291,153,323
14,3098,653,284,775,346
2,3098,0,375,46,427
1,3099,141,291,153,323
14,3099,639,283,760,341
2,3099,0,375,46,427
1,3100,141,290,153,323
14,3100,629,280,757,339
2,3100,0,375,46,426
1,3101,141,290,153,322
14,3101,624,276,747,337
2,3101,0,375,46,426
1,3102,142,289,153,321
14,3102,626,276,736,334
2,3102,0,375,46,426
1,3103,142,288,154,321
14,3103,614,271,723,333
2,3103,0,375,46,426
1,3104,143,287,154,321
14,3104,605,268,716,325
2,3104,0,375,46,426
1,3105,143,286,154,322
14,3105,598,267,709,323
2,3105,0,375,46,426
1,3106,143,285,155,323
14,3106,596,265,703,318
2,3106,0,375,46,426
1,3107,143,284,155,324
14,3107,582,265,695,317
2,3107,0,375,46,426
1,3108,143,283,156,324
14,3108,577,263,687,314
2,3108,0,375,46,426
1,3109,143,284,156,324
14,3109,570,260,678,311
2,3109,0,375,46,426
1,3110,144,285,156,323
14,3110,568,258,672,308
2,3110,0,375,46,426
1,3111,144,285,156,323
14,3111,558,255,663,307
2,3111,0,375,46,427
1,3112,144,284,157,323
14,3112,553,252,658,306
2,3112,0,375,46,427
1,3113,144,284,157,323
14,3113,549,251,649,304
2,3113,0,375,46,427
1,3114,144,285,156,322
14,3114,545,250,640,302
2,3114,0,375,46,427
1,3115,144,285,156,321
14,3115,544,249,635,298
2,3115,0,375,46,427
1,3116,144,284,156,321
14,3116,535,250,622,294
2,3116,0,375,46,427
1,3117,144,284,156,320
14,3117,532,248,619,293
2,3117,0,375,46,427
1,3118,144,284,156,320
14,3118,526,243,616,292
2,3118,0,375,46,427
1,3119,144,284,156,319
14,3119,520,243,611,291
2,3119,0,375,46,427
1,3120,145,285,156,319
14,3120,515,243,606,289
2,3120,0,374,46,427
1,3121,145,285,156,319
14,3121,512,240,601,287
2,3121,0,374,47,427
1,3122,142,277,155,313
14,3122,502,239,594,283
2,3122,0,373,47,428
1,3123,142,278,155,313
14,3123,500,238,590,282
2,3123,0,374,47,428
1,3124,143,277,155,313
14,3124,496,238,585,280
2,3124,0,373,47,428
1,3125,143,277,156,313
14,3125,493,238,580,279
2,3125,0,373,47,428
1,3126,143,276,156,313
14,3126,490,237,574,277
2,3126,0,373,47,428
1,3127,143,276,157,313
14,3127,487,236,569,276
2,3127,0,373,47,428
1,3128,143,275,157,313
14,3128,486,234,565,273
2,3128,0,373,47,427
1,3129,143,275,157,313
14,3129,477,232,559,274
2,3129,0,374,47,427
1,3130,143,274,157,313
14,3130,476,233,555,273
2,3130,0,374,47,427
1,3131,143,273,157,313
14,3131,474,232,551,272
2,3131,0,374,47,427
1,3132,143,273,157,313
14,3132,472,232,546,270
2,3132,0,374,47,427
1,3133,144,273,157,312
14,3133,471,231,542,268
2,3133,0,374,47,427
1,3134,144,273,157,311
14,3134,468,230,538,266
2,3134,0,374,47,428
1,3135,144,274,157,310
14,3135,464,228,534,262
2,3135,0,374,47,427
1,3136,145,273,157,309
14,3136,461,227,531,260
2,3136,0,374,47,427
1,3137,145,272,157,308
14,3137,455,225,521,260
2,3137,0,374,47,427
1,3138,145,271,157,308
14,3138,453,225,519,259
2,3138,0,374,47,427
1,3139,145,271,157,308
14,3139,450,224,517,258
2,3139,0,374,47,428
1,3140,145,271,157,308
14,3140,447,224,515,256
2,3140,0,374,47,428
1,3141,145,271,157,308
14,3141,444,224,511,256
2,3141,0,374,47,428
1,3142,145,272,157,308
14,3142,440,224,507,256
2,3142,0,374,47,428
1,3143,145,272,157,306
2,3143,0,374,47,428
1,3144,145,271,157,305
2,3144,0,374,46,428
1,3145,146,271,156,304
2,3145,0,374,46,428
1,3146,146,270,157,303
2,3146,0,374,46,428
1,3147,146,269,157,304
2,3147,0,374,46,428
1,3148,146,269,158,304
2,3148,0,374,46,428
1,3149,146,269,157,303
2,3149,0,374,46,427
1,3150,146,270,157,301
2,3150,0,374,46,427
1,3151,145,270,156,299
2,3151,0,374,46,427
1,3152,145,271,156,299
2,3152,0,375,45,427
1,3153,145,271,156,300
2,3153,0,376,45,427
1,3154,148,271,164,308
2,3154,0,376,45,427
1,3155,147,272,164,308
2,3155,0,376,45,427
1,3156,147,272,164,308
2,3156,0,376,45,427
1,3157,147,271,164,308
2,3157,0,375,46,427
1,3158,147,271,164,308
2,3158,0,375,46,429
1,3159,147,271,164,308
2,3159,0,375,46,429
1,3160,147,271,164,307
2,3160,0,375,46,429
16,3161,145,269,158,298
2,3161,0,374,46,429
16,3162,145,268,158,297
2,3162,0,374,46,429
16,3163,146,268,158,297
2,3163,0,374,46,430
16,3164,146,268,158,298
2,3164,0,374,46,431
16,3165,146,268,158,298
2,3165,0,374,45,431
16,3166,146,267,158,299
2,3166,0,374,46,431
16,3167,146,267,158,299
2,3167,0,373,46,431
16,3168,148,268,161,304
2,3168,0,373,46,432
16,3169,147,267,162,304
2,3169,0,373,46,432
16,3170,147,267,162,303
2,3170,1,373,46,432
16,3171,147,267,163,303
2,3171,1,374,46,432
16,3172,147,266,162,303
2,3172,1,374,46,432
16,3173,147,266,162,302
2,3173,1,374,46,433
16,3174,146,267,158,297
2,3174,1,374,46,434
16,3175,146,266,158,296
2,3175,1,374,46,434
16,3176,146,266,158,296
2,3176,2,374,46,434
16,3177,146,266,158,296
2,3177,2,374,46,434
16,3178,146,265,158,296
2,3178,2,374,46,434
16,3179,146,265,158,296
2,3179,2,374,46,434
16,3180,146,264,158,295
2,3180,2,374,46,434
16,3181,146,264,158,294
2,3181,2,375,46,435
16,3182,146,264,157,294
2,3182,3,375,46,435
16,3183,146,264,157,294
2,3183,2,375,46,435
16,3184,146,264,157,294
2,3184,2,375,46,436
16,3185,148,265,162,297
2,3185,2,375,45,436
16,3186,145,265,157,294
2,3186,2,375,45,436
16,3187,145,265,158,294
2,3187,2,375,45,436
16,3188,145,265,158,293
2,3188,2,375,45,437
16,3189,145,264,158,293
2,3189,2,375,45,436
16,3190,145,264,158,293
2,3190,2,375,45,436
16,3191,145,263,158,292
2,3191,2,375,45,436
16,3192,145,263,158,292
2,3192,2,375,45,436
16,3193,145,262,158,292
2,3193,2,375,45,436
16,3194,145,262,158,292
2,3194,2,375,45,436
16,3195,145,262,157,292
2,3195,2,375,45,436
16,3196,145,261,158,292
2,3196,2,375,45,436
16,3197,145,261,158,291
2,3197,766,314,797,377
17,3197,2,375,45,435
16,3198,146,261,158,291
2,3198,764,315,799,375
17,3198,2,375,45,435
16,3199,146,261,158,290
2,3199,757,313,799,376
17,3199,2,375,45,435
16,3200,145,262,158,290
2,3200,749,308,799,377
17,3200,2,375,45,434
16,3201,145,262,158,290
18,3201,731,305,796,377
17,3201,2,375,45,434
16,3202,145,263,158,290
18,3202,722,300,799,376
17,3202,2,375,45,434
16,3203,145,263,158,289
18,3203,714,299,799,375
17,3203,2,376,45,434
16,3204,145,263,158,289
18,3204,703,297,799,370
17,3204,1,375,45,434
16,3205,145,263,158,290
18,3205,693,292,799,359
17,3205,1,375,45,434
16,3206,145,263,158,290
18,3206,686,288,798,357
17,3206,1,375,45,435
16,3207,145,262,158,290
18,3207,668,288,797,353
17,3207,1,375,45,435
16,3208,145,261,158,289
18,3208,657,285,796,348
17,3208,1,375,45,436
16,3209,146,260,158,289
18,3209,651,282,786,346
17,3209,1,375,44,436
16,3210,146,259,158,288
18,3210,660,282,770,342
17,3210,1,375,45,437
16,3211,147,258,158,288
18,3211,637,278,755,337
17,3211,1,375,45,436
16,3212,146,258,158,288
18,3212,629,275,746,335
17,3212,2,376,45,435
16,3213,146,258,158,288
18,3213,627,275,737,333
17,3213,2,376,45,435
16,3214,146,258,158,289
18,3214,613,271,721,322
17,3214,1,376,44,435
16,3215,150,261,161,290
18,3215,601,268,719,323
17,3215,1,376,45,436
16,3216,150,261,161,290
18,3216,596,266,709,320
17,3216,1,377,45,435
16,3217,146,258,157,289
18,3217,588,266,694,314
17,3217,1,376,45,435
16,3218,146,258,157,289
18,3218,580,264,691,314
17,3218,2,376,44,435
16,3219,146,258,157,288
18,3219,574,261,682,312
17,3219,2,376,44,436
16,3220,146,257,158,287
18,3220,569,259,674,309
17,3220,1,377,45,437
16,3221,146,257,158,286
18,3221,571,257,667,305
17,3221,1,377,45,438
16,3222,146,258,158,286
18,3222,554,255,656,305
17,3222,1,377,45,438
16,3223,146,258,158,286
18,3223,550,254,646,304
17,3223,1,377,45,438
16,3224,149,260,160,287
18,3224,545,252,637,302
17,3224,1,377,45,438
16,3225,150,260,160,286
18,3225,545,252,632,298
17,3225,0,376,44,439
16,3226,150,260,160,286
18,3226,533,250,619,295
17,3226,1,376,44,439
16,3227,150,260,160,286
18,3227,528,249,614,293
17,3227,1,376,44,439
16,3228,150,260,161,286
18,3228,520,244,608,290
17,3228,1,377,44,439
16,3229,150,259,161,286
18,3229,515,242,604,288
17,3229,1,377,44,438
16,3230,150,259,162,285
18,3230,513,240,599,285
17,3230,0,376,44,437
16,3231,150,259,162,285
18,3231,500,242,590,284
17,3231,0,376,44,437
16,3232,150,259,162,285
18,3232,497,241,584,282
17,3232,0,376,44,437
16,3233,150,260,162,285
18,3233,492,239,577,281
17,3233,0,376,44,437
16,3234,150,260,162,284
18,3234,488,237,573,279
17,3234,0,376,44,437
16,3235,146,251,157,279
18,3235,484,236,569,278
17,3235,0,376,44,437
16,3236,146,251,157,279
18,3236,474,236,563,276
17,3236,0,376,44,437
16,3237,146,251,157,280
18,3237,473,237,559,276
17,3237,1,376,44,437
16,3238,146,251,157,280
18,3238,471,236,553,275
17,3238,1,376,44,436
16,3239,146,250,158,281
18,3239,469,235,547,274
17,3239,1,376,44,435
16,3240,146,250,157,280
18,3240,468,234,543,271
17,3240,1,376,44,435
16,3241,152,246,166,277
18,3241,465,231,538,268
17,3241,1,376,44,434
16,3242,152,246,166,278
18,3242,461,229,534,265
17,3242,1,376,45,434
16,3243,152,245,166,278
18,3243,454,226,523,260
17,3243,1,377,45,433
16,3244,152,245,166,278
18,3244,453,225,520,259
17,3244,1,377,45,432
16,3245,152,245,166,278
18,3245,450,225,517,258
17,3245,1,377,45,431
16,3246,152,245,166,278
18,3246,445,224,514,257
17,3246,1,377,45,431
16,3247,152,245,166,277
18,3247,441,224,510,256
17,3247,1,377,45,430
16,3248,152,245,166,277
18,3248,437,224,507,256
17,3248,0,377,45,431
16,3249,152,245,165,277
18,3249,434,223,503,256
17,3249,0,377,45,430
16,3250,152,245,165,277
17,3250,0,377,45,431
16,3251,151,245,165,277
17,3251,0,377,45,431
16,3252,146,250,158,280
17,3252,0,377,45,432
16,3253,146,249,158,280
17,3253,0,377,45,432
16,3254,146,249,158,279
17,3254,0,377,45,432
16,3255,151,243,165,274
17,3255,0,378,45,432
16,3256,151,243,165,274
17,3256,0,378,45,431
16,3257,151,242,165,273
17,3257,0,378,45,431
16,3258,152,242,166,272
17,3258,0,378,45,431
16,3259,152,242,165,272
17,3259,0,378,45,430
16,3260,151,242,165,272
17,3260,0,378,45,430
16,3261,151,242,165,272
17,3261,0,379,45,430
16,3262,151,243,165,272
17,3262,0,379,45,430
16,3263,151,243,165,272
17,3263,0,379,45,430
16,3264,151,243,165,272
17,3264,0,379,46,430
16,3265,151,242,164,271
17,3265,0,379,46,430
16,3266,152,242,164,271
17,3266,0,379,46,430
16,3267,152,241,164,271
17,3267,0,379,45,430
16,3268,152,240,164,271
17,3268,0,379,45,430
16,3269,152,240,165,270
17,3269,0,379,45,430
16,3270,152,239,166,271
17,3270,0,379,45,430
16,3271,152,238,166,271
17,3271,0,379,45,431
16,3272,152,238,166,271
17,3272,0,379,46,431
16,3273,152,237,166,271
19,3273,768,315,799,373
17,3273,0,379,46,431
16,3274,152,237,166,271
19,3274,764,317,799,369
17,3274,0,379,46,431
16,3275,152,237,166,271
19,3275,755,314,799,370
17,3275,0,379,46,432
16,3276,152,237,166,270
19,3276,749,310,799,371
17,3276,0,379,46,431
16,3277,153,237,166,269
19,3277,730,305,797,373
17,3277,0,380,46,431
16,3278,152,238,166,269
19,3278,720,302,798,374
17,3278,0,379,46,431
16,3279,153,237,167,269
19,3279,712,300,799,374
17,3279,0,379,46,431
16,3280,153,237,166,269
19,3280,703,299,799,371
17,3280,0,379,46,431
16,3281,153,237,167,269
19,3281,695,300,799,367
17,3281,0,379,46,431
16,3282,153,237,168,268
19,3282,690,297,798,356
17,3282,0,379,46,431
16,3283,153,236,169,268
19,3283,668,294,794,351
17,3283,0,379,46,431
16,3284,153,236,169,269
19,3284,656,289,798,349
17,3284,0,379,46,431
16,3285,153,236,169,269
19,3285,647,286,794,346
17,3285,0,379,46,431
16,3286,153,236,169,269
19,3286,649,284,781,343
17,3286,0,379,46,431
16,3287,153,237,169,269
19,3287,639,283,759,337
17,3287,0,379,46,431
16,3288,153,237,169,269
19,3288,629,281,757,335
17,3288,0,379,46,431
16,3289,153,237,169,268
19,3289,624,278,747,334
17,3289,0,379,46,431
16,3290,153,236,168,268
19,3290,613,274,719,316
17,3290,0,379,46,431
16,3291,154,236,168,268
19,3291,600,271,726,322
17,3291,0,379,46,431
19,3292,591,268,720,320
17,3292,0,379,46,431
16,3293,154,236,169,268
19,3293,590,266,709,316
17,3293,0,379,46,431
16,3294,154,236,169,267
19,3294,579,265,699,313
17,3294,0,379,46,431
16,3295,154,236,168,268
19,3295,572,264,693,312
17,3295,0,379,46,430
16,3296,154,235,168,268
19,3296,566,261,683,310
17,3296,0,379,46,430
16,3297,154,235,168,268
19,3297,564,259,676,308
17,3297,0,379,46,430
16,3298,154,235,168,267
19,3298,555,257,662,305
17,3298,0,379,46,430
16,3299,154,235,168,267
19,3299,551,257,655,304
17,3299,0,379,46,431
19,3300,546,256,646,301
17,3300,0,379,46,431
19,3301,542,254,639,298
17,3301,0,379,46,432
19,3302,532,252,627,293
17,3302,0,379,46,433
19,3303,528,251,624,292
17,3303,0,378,46,433
19,3304,523,251,617,291
17,3304,0,378,46,433
19,3305,514,246,611,287
17,3305,0,379,46,432
19,3306,510,245,606,286
17,3306,0,379,46,432
16,3307,153,237,169,269
19,3307,500,243,597,281
17,3307,0,378,46,432
16,3308,153,237,169,268
19,3308,498,241,593,280
17,3308,0,378,46,432
16,3309,153,236,168,268
19,3309,495,240,586,280
17,3309,0,379,46,432
16,3310,153,236,168,267
19,3310,490,239,579,279
17,3310,0,379,46,431
16,3311,154,236,169,266
19,3311,485,239,574,279
17,3311,0,379,45,431
16,3312,155,236,170,265
19,3312,480,237,571,277
17,3312,0,379,45,432
19,3313,474,236,564,275
17,3313,0,378,45,432
16,3314,156,236,171,265
19,3314,472,237,559,275
17,3314,0,378,45,432
19,3315,470,236,554,273
17,3315,0,379,45,432
19,3316,466,235,548,271
19,3317,463,233,543,268
19,3318,458,231,538,265
19,3319,453,229,537,263
19,3320,450,229,527,259
19,3321,448,228,524,259
19,3322,443,226,521,259
19,3323,440,225,518,258
19,3324,436,224,513,257
19,3325,433,224,509,257
19,3326,430,224,504,257
19,3328,427,224,500,258
22,3333,0,376,47,439
22,3334,0,376,48,439
22,3335,0,377,49,439
22,3338,0,396,77,465
22,3339,0,396,78,465
22,3340,0,397,79,466
22,3341,0,398,81,465
22,3342,0,398,83,465
22,3343,0,397,85,465
22,3344,0,396,87,465
22,3345,0,396,88,465
22,3346,0,396,88,465
22,3347,0,395,89,465
22,3348,0,394,90,465
22,3349,1,394,91,464
22,3350,2,393,92,464
22,3351,2,393,95,465
22,3352,2,395,98,465
22,3353,2,395,101,465
22,3354,1,395,104,465
22,3355,0,394,107,464
22,3356,0,394,109,463
22,3357,0,395,113,463
22,3358,0,395,114,463
22,3359,0,376,43,427
23,3359,2,397,128,465
22,3360,0,377,44,425
23,3360,1,397,131,464
22,3361,0,377,45,425
23,3361,1,396,134,463
22,3362,0,377,44,425
23,3362,0,397,138,463
22,3363,0,378,44,426
23,3363,0,397,140,463
22,3364,0,378,44,426
23,3364,0,394,146,469
22,3365,0,378,44,426
23,3365,0,395,148,469
22,3366,0,377,44,427
23,3366,1,396,152,468
22,3367,0,377,43,428
23,3367,3,397,156,469
22,3368,0,377,43,428
23,3368,7,397,159,467
22,3369,0,376,44,426
23,3369,9,397,161,466
22,3370,0,376,44,424
23,3370,12,397,163,466
22,3371,0,376,44,424
23,3371,14,397,163,465
22,3372,0,376,44,424
23,3372,19,397,173,470
22,3373,0,376,45,424
23,3373,22,397,172,470
22,3374,0,376,46,424
23,3374,24,399,171,470
22,3375,0,376,46,424
23,3375,26,400,171,469
22,3376,0,375,46,424
23,3376,20,403,173,467
22,3377,0,374,46,425
23,3377,23,404,172,467
22,3378,0,374,46,425
23,3378,29,405,171,468
22,3379,0,374,45,425
23,3379,34,406,169,468
22,3380,0,374,45,425
23,3380,39,407,168,469
22,3381,0,375,45,425
23,3381,42,406,169,469
22,3382,1,375,44,425
23,3382,47,406,170,469
22,3383,1,375,45,425
23,3383,51,406,170,468
22,3384,1,375,45,425
23,3384,54,406,172,468
22,3385,1,375,45,424
23,3385,57,406,173,467
22,3386,1,375,45,424
23,3386,62,406,172,466
22,3387,1,374,45,424
22,3388,0,374,45,424
22,3389,1,374,45,424
23,3389,73,391,248,475
22,3390,0,374,45,425
23,3390,77,392,251,474
22,3391,0,374,45,425
23,3391,80,394,256,474
22,3392,0,374,45,425
23,3392,85,395,261,475
22,3393,0,374,45,425
23,3393,89,394,265,477
22,3394,0,374,45,425
23,3394,102,399,274,479
22,3395,0,374,45,425
23,3395,102,398,276,478
22,3396,0,374,45,426
23,3396,104,398,281,477
22,3397,0,374,45,426
23,3397,107,397,288,477
22,3398,0,374,45,426
23,3398,110,396,295,477
22,3399,0,374,45,426
23,3399,113,396,301,478
22,3400,0,374,45,426
23,3400,118,396,302,479
22,3401,0,374,45,426
23,3401,125,402,314,486
22,3402,0,375,44,426
23,3402,127,402,319,488
22,3403,0,374,44,426
23,3403,130,401,328,489
22,3404,0,374,44,426
23,3404,134,401,336,489
22,3405,0,374,45,426
23,3405,139,403,340,488
22,3406,0,374,45,425
23,3406,150,400,351,493
22,3407,0,375,45,426
23,3407,153,401,355,494
22,3408,0,375,45,426
23,3408,156,400,362,495
22,3409,0,375,45,426
23,3409,157,400,368,496
22,3410,0,376,45,425
23,3410,154,399,374,497
22,3411,0,376,45,425
23,3411,151,399,379,498
22,3412,0,376,45,425
23,3412,152,399,382,499
22,3413,0,376,45,425
23,3413,181,408,387,507
22,3414,0,376,45,425
23,3414,185,409,391,507
22,3415,0,376,45,426
23,3415,188,411,398,507
22,3416,0,376,45,426
23,3416,189,413,403,507
22,3417,0,376,45,426
23,3417,191,414,408,508
22,3418,0,376,45,425
23,3418,205,411,420,512
22,3419,0,376,44,425
23,3419,210,410,423,514
22,3420,0,375,44,425
23,3420,215,411,429,514
22,3421,0,375,44,425
23,3421,219,411,435,515
22,3422,0,374,44,426
23,3422,223,414,439,515
24,3423,773,279,798,358
22,3423,0,374,44,426
23,3423,233,411,456,520
24,3424,768,286,799,355
22,3424,0,374,44,426
23,3424,234,412,462,522
24,3425,761,291,799,355
22,3425,0,374,44,426
23,3425,237,412,469,526
24,3426,752,291,799,357
22,3426,0,374,43,426
23,3426,240,415,475,529
24,3427,743,291,799,356
22,3427,0,374,43,427
23,3427,243,418,481,531
24,3428,732,287,796,354
22,3428,0,374,42,426
23,3428,260,420,495,531
24,3429,725,284,797,356
22,3429,0,374,42,426
23,3429,263,422,498,533
24,3430,717,283,799,358
22,3430,0,375,41,425
23,3430,266,422,502,535
24,3431,709,283,799,360
22,3431,0,375,41,425
23,3431,269,423,507,536
24,3432,702,285,799,359
22,3432,0,375,42,425
23,3432,268,427,515,545
22,3433,0,376,42,425
24,3433,691,278,799,364
23,3433,284,424,530,550
22,3434,0,376,42,425
24,3434,684,281,798,366
23,3434,288,424,533,551
22,3435,0,376,41,425
24,3435,669,279,799,367
23,3435,292,425,538,551
22,3436,0,376,41,425
24,3436,659,281,797,365
23,3436,298,427,543,552
22,3437,0,376,41,425
24,3437,648,281,799,365
23,3437,311,427,561,559
22,3438,0,375,41,425
24,3438,637,281,798,366
23,3438,316,430,561,560
22,3439,0,375,40,425
24,3439,630,281,798,366
23,3439,321,434,564,562
22,3440,0,375,40,425
24,3440,626,282,796,365
23,3440,324,437,571,567
22,3441,0,375,40,426
24,3441,605,284,793,366
23,3441,327,438,578,573
22,3442,0,375,40,426
24,3442,596,284,789,366
22,3443,0,375,40,426
24,3443,590,285,782,367
22,3444,0,375,41,425
24,3444,575,288,766,365
23,3444,345,447,607,586
22,3445,0,375,41,425
24,3445,568,287,760,368
23,3445,348,447,612,587
22,3446,0,375,41,426
24,3446,560,286,752,368
23,3446,351,448,617,588
22,3447,0,375,41,426
24,3447,543,291,737,375
23,3447,369,450,632,586
26,3448,789,256,799,306
22,3448,0,375,41,426
24,3448,536,290,732,375
23,3448,371,452,636,586
26,3449,780,234,799,321
22,3449,0,375,42,426
24,3449,528,291,722,374
23,3449,370,452,641,587
26,3450,776,239,799,313
22,3450,0,375,42,425
24,3450,510,291,708,376
23,3450,375,455,641,586
26,3451,773,242,798,309
22,3451,0,375,43,425
24,3451,504,290,701,375
23,3451,402,458,662,586
26,3452,770,245,798,307
22,3452,0,375,44,425
24,3452,498,292,690,374
23,3452,404,460,664,584
26,3453,767,246,799,305
22,3453,0,375,45,425
24,3453,478,292,678,375
23,3453,404,462,667,583
26,3454,765,246,799,304
22,3454,0,375,45,425
24,3454,472,291,671,375
23,3454,408,466,669,582
26,3455,760,247,799,304
22,3455,0,375,46,425
24,3455,464,293,661,375
23,3455,416,472,669,583
26,3456,756,246,799,304
22,3456,0,375,46,426
24,3456,447,293,647,376
23,3456,423,479,669,584
26,3457,752,245,798,304
22,3457,0,375,47,427
24,3457,442,293,639,376
23,3457,427,483,669,585
26,3458,749,245,797,303
22,3458,0,374,48,428
24,3458,432,296,632,375
23,3458,441,483,687,586
26,3459,746,247,797,302
22,3459,0,374,50,429
24,3459,417,295,614,376
23,3459,447,484,690,586
26,3460,742,224,790,295
22,3460,0,373,51,429
24,3460,410,296,606,377
23,3460,454,488,693,587
26,3461,738,220,790,299
22,3461,0,373,52,428
24,3461,401,297,599,377
26,3462,733,216,792,302
22,3462,0,373,53,428
24,3462,387,296,581,378
28,3463,730,211,792,305
22,3463,0,373,54,428
24,3463,379,297,571,378
28,3464,728,208,790,305
22,3464,0,372,54,427
24,3464,368,299,567,378
22,3465,0,372,55,427
28,3465,720,193,799,305
24,3465,357,299,546,378
22,3466,0,374,72,428
28,3466,715,194,799,303
24,3466,348,300,538,379
22,3467,0,374,71,427
28,3467,712,196,799,300
24,3467,336,300,537,379
22,3468,0,373,70,427
28,3468,708,199,799,299
24,3468,326,300,514,379
22,3469,0,373,72,427
28,3469,705,201,799,299
24,3469,318,300,505,379
22,3470,0,372,76,428
28,3470,702,201,799,300
24,3470,307,301,504,379
22,3471,0,371,80,430
28,3471,698,202,799,300
24,3471,294,301,481,380
22,3472,1,371,81,431
28,3472,692,203,799,300
24,3472,286,302,473,380
22,3473,1,370,82,431
28,3473,686,204,799,300
24,3473,275,303,472,381
22,3474,1,370,82,430
28,3474,683,203,798,300
24,3474,267,304,447,381
22,3475,2,370,83,429
28,3475,675,203,797,296
24,3475,258,305,440,382
22,3476,2,369,85,429
28,3476,672,203,797,297
24,3476,247,304,441,383
22,3477,1,370,87,428
28,3477,669,203,798,298
24,3477,240,305,413,382
22,3478,0,370,89,428
28,3478,666,201,797,299
24,3478,231,306,406,383
22,3479,1,370,90,428
28,3479,661,201,797,303
24,3479,220,306,404,384
22,3480,0,370,92,428
28,3480,657,201,797,303
24,3480,212,306,382,384
22,3481,0,370,94,429
28,3481,653,200,799,303
24,3481,204,307,374,385
22,3482,0,369,98,429
28,3482,651,200,799,302
24,3482,195,307,370,385
22,3483,0,369,102,428
28,3483,647,201,799,302
24,3483,183,308,353,384
22,3484,0,369,106,428
28,3484,644,201,799,301
24,3484,176,308,344,385
22,3485,0,369,109,427
29,3485,640,202,799,301
24,3485,166,309,339,386
22,3486,0,369,110,427
28,3486,637,202,799,301
24,3486,156,308,324,385
22,3487,0,369,111,426
28,3487,633,202,799,302
24,3487,149,308,316,386
22,3488,0,369,112,426
28,3488,629,202,799,302
24,3488,140,309,308,387
22,3489,0,370,113,425
28,3489,626,202,799,301
24,3489,131,309,307,387
22,3490,0,371,113,424
28,3490,622,202,799,300
24,3490,129,308,285,386
22,3491,7,370,125,426
28,3491,609,200,799,298
24,3491,120,309,278,388
22,3492,2,369,130,427
28,3492,607,199,799,298
24,3492,114,310,270,388
22,3493,0,369,135,427
28,3493,604,199,799,300
24,3493,101,308,257,386
22,3494,1,368,139,426
28,3494,601,199,799,301
24,3494,97,309,248,386
22,3495,2,370,142,425
28,3495,597,199,799,302
24,3495,90,309,241,386
22,3496,5,370,146,426
28,3496,593,200,799,302
24,3496,84,310,238,386
24,3497,77,317,213,380
22,3497,7,370,149,426
28,3497,589,200,799,302
24,3498,72,317,208,381
22,3498,10,370,151,427
28,3498,587,199,799,302
24,3499,67,318,202,381
22,3499,12,369,154,427
28,3499,584,199,799,302
24,3500,64,318,196,379
22,3500,16,370,153,426
28,3500,581,197,799,302
24,3501,47,321,178,376
22,3501,21,372,150,424
28,3501,577,197,797,302
24,3502,40,321,174,375
22,3502,25,368,177,424
28,3502,574,196,795,301
24,3503,33,320,168,375
22,3503,28,368,180,423
28,3503,572,196,794,302
24,3504,33,320,162,373
22,3504,33,368,180,425
28,3504,570,196,793,302
24,3505,12,324,150,382
22,3505,38,367,180,426
28,3505,565,200,779,298
24,3506,7,325,145,382
22,3506,43,369,180,426
28,3506,563,198,778,299
24,3507,3,324,138,383
22,3507,48,371,178,427
28,3507,559,196,776,300
24,3508,3,324,131,383
22,3508,52,372,176,426
28,3508,557,195,772,299
24,3509,0,326,115,388
22,3509,57,368,199,425
28,3509,555,195,770,299
24,3510,0,327,109,389
22,3510,60,367,198,425
28,3510,552,195,768,298
24,3511,0,327,102,389
22,3511,67,368,198,426
28,3511,550,195,765,298
24,3512,0,326,96,390
22,3512,73,369,198,425
28,3512,548,196,760,297
24,3513,0,327,90,389
22,3513,79,371,198,424
28,3513,547,197,757,297
24,3514,0,327,84,389
28,3514,541,200,741,293
24,3515,0,327,79,389
28,3515,541,199,736,293
22,3515,79,359,238,434
24,3516,0,326,73,389
28,3516,539,197,733,293
22,3516,86,359,243,434
24,3517,0,326,68,388
28,3517,535,197,729,292
24,3518,0,329,54,386
28,3518,531,197,727,292
24,3519,0,326,46,386
28,3519,529,197,726,292
24,3520,0,321,37,387
28,3520,527,197,722,291
24,3521,0,316,30,389
28,3521,526,196,718,290
24,3522,770,286,798,356
30,3522,0,307,26,397
28,3522,517,198,706,287
24,3523,764,292,799,352
30,3523,2,325,25,419
28,3523,516,197,704,288
24,3524,754,293,799,354
30,3524,1,322,21,427
28,3524,517,196,702,289
24,3525,746,293,799,353
30,3525,0,320,18,432
28,3525,516,195,699,288
24,3526,730,290,798,352
28,3526,513,195,695,288
24,3527,722,290,799,356
28,3527,509,196,692,287
24,3528,712,289,799,358
28,3528,505,196,688,287
22,3528,153,362,346,439
24,3529,704,291,799,358
28,3529,504,196,685,287
22,3529,158,363,347,438
24,3530,694,292,799,357
28,3530,502,197,681,287
22,3530,162,364,355,438
24,3531,690,295,797,353
28,3531,501,199,679,287
22,3531,168,363,365,438
24,3532,672,294,793,355
28,3532,487,199,673,284
22,3532,178,363,387,440
24,3533,662,295,795,355
28,3533,487,198,671,284
22,3533,193,362,385,438
24,3534,654,297,791,352
28,3534,486,198,669,283
22,3534,204,363,390,437
28,3535,484,198,667,283
24,3535,636,287,797,364
22,3535,213,363,412,440
28,3536,483,197,663,283
24,3536,630,288,794,363
22,3536,226,363,412,437
31,3537,0,369,43,426
28,3537,481,196,658,284
24,3537,611,290,785,362
22,3537,236,363,418,435
31,3538,0,368,45,427
28,3538,480,196,653,284
24,3538,607,299,773,366
22,3538,242,362,425,434
31,3539,0,367,48,428
24,3539,597,301,769,366
22,3539,250,361,443,435
31,3540,0,368,50,426
24,3540,586,299,747,367
22,3540,261,361,450,434
31,3541,0,368,52,425
24,3541,576,300,739,367
22,3541,268,361,458,436
31,3542,0,368,53,423
24,3542,558,299,724,368
22,3542,269,359,484,440
31,3543,0,373,76,428
24,3543,554,300,715,368
22,3543,282,359,488,439
31,3544,0,371,77,428
24,3544,544,302,707,368
22,3544,292,359,495,440
31,3545,0,368,79,429
24,3545,525,301,692,369
22,3545,300,358,516,441
31,3546,0,367,82,429
24,3546,520,302,680,370
22,3546,312,358,522,442
31,3547,0,366,84,429
24,3547,507,305,677,370
22,3547,318,358,531,444
31,3548,0,367,88,428
24,3548,489,304,662,370
22,3548,331,356,551,444
31,3549,0,367,93,429
24,3549,481,305,653,370
22,3549,344,356,556,443
31,3550,0,367,98,428
24,3550,458,304,642,370
22,3550,355,358,578,442
31,3551,0,367,102,428
24,3551,458,304,629,370
22,3551,372,357,579,442
31,3552,0,367,105,427
24,3552,446,304,626,371
22,3552,385,359,583,440
31,3553,0,367,109,427
24,3553,419,304,608,374
22,3553,390,363,607,437
31,3554,0,367,113,427
24,3554,418,303,595,375
22,3554,406,363,610,436
31,3555,0,367,116,426
24,3555,409,303,592,376
22,3555,416,363,616,438
31,3556,2,366,128,428
24,3556,402,305,565,375
22,3556,427,362,640,435
31,3557,3,366,132,426
24,3557,391,306,562,379
22,3557,442,360,643,437
24,3558,383,315,523,369
31,3558,7,367,133,425
22,3558,450,358,667,435
24,3559,373,314,520,370
31,3559,12,368,135,425
22,3559,464,355,670,436
24,3560,370,314,509,369
31,3560,16,368,138,426
22,3560,476,356,675,436
24,3561,352,318,491,368
31,3561,20,368,142,426
22,3561,487,355,696,437
24,3562,338,316,492,369
22,3562,500,353,701,438
24,3563,337,316,480,368
22,3563,511,354,706,438
24,3564,324,320,455,368
31,3564,32,365,167,424
22,3564,524,354,733,436
24,3565,311,318,455,371
31,3565,39,367,168,424
22,3565,536,353,739,437
24,3566,310,318,442,371
22,3566,546,354,760,436
24,3567,292,322,423,369
22,3567,558,354,766,436
24,3568,280,320,422,373
22,3568,571,354,768,435
24,3569,281,319,408,374
22,3569,580,353,789,436
24,3570,259,321,395,372
22,3570,592,352,792,436
24,3571,247,319,392,374
22,3571,611,344,788,428
24,3572,246,318,379,375
22,3572,626,344,796,429
24,3573,227,321,366,375
22,3573,634,343,796,431
24,3574,218,319,360,377
22,3574,643,342,798,430
24,3575,218,319,346,377
22,3575,654,341,797,430
24,3576,200,320,333,375
22,3576,666,340,795,429
24,3577,193,320,324,375
22,3577,672,335,798,432
24,3578,192,320,313,375
22,3578,690,334,797,431
24,3579,170,320,301,370
22,3579,700,328,797,431
24,3580,164,319,292,370
22,3580,714,341,796,418
33,3581,767,278,796,352
24,3581,162,319,284,370
22,3581,722,340,797,420
33,3582,763,277,799,353
24,3582,145,325,269,369
22,3582,733,342,796,419
33,3583,758,278,799,354
24,3583,135,325,267,373
22,3583,749,338,799,421
33,3584,751,276,799,356
24,3584,128,325,260,375
22,3584,757,339,799,423
33,3585,745,279,799,355
24,3585,119,327,238,378
22,3585,765,334,797,425
33,3586,729,278,797,354
24,3586,110,326,233,381
34,3586,149,360,351,440
33,3587,721,276,797,355
24,3587,104,325,222,381
35,3587,136,517,188,567
34,3587,160,359,347,437
24,3588,97,328,201,379
35,3588,135,518,187,567
33,3588,711,250,799,370
34,3588,172,357,351,435
24,3589,90,329,200,383
35,3589,134,518,185,566
33,3589,702,249,799,365
34,3589,177,355,361,434
24,3590,83,330,194,383
35,3590,128,519,170,567
33,3590,694,249,799,364
34,3590,180,356,382,437
24,3591,77,332,187,383
35,3591,127,518,171,567
33,3591,686,248,799,364
34,3591,190,357,385,434
24,3592,78,333,179,380
35,3592,127,518,171,567
33,3592,670,248,797,366
34,3592,203,359,387,433
24,3593,63,335,161,380
35,3593,127,518,171,566
33,3593,661,246,798,368
34,3593,211,359,393,433
24,3594,57,335,158,382
35,3594,126,518,171,565
33,3594,650,243,798,371
34,3594,214,357,415,436
24,3595,46,341,155,384
35,3595,124,518,172,565
33,3595,640,247,796,368
34,3595,229,357,415,434
24,3596,43,341,150,385
35,3596,121,516,173,566
33,3596,632,245,795,369
34,3596,240,357,421,433
24,3597,32,342,136,384
35,3597,118,515,172,567
33,3597,628,244,793,368
34,3597,237,356,448,436
24,3598,23,341,131,385
35,3598,117,512,171,567
36,3598,606,244,796,369
34,3598,252,356,446,434
24,3599,13,340,125,386
35,3599,117,510,169,566
37,3599,597,243,798,368
34,3599,262,356,453,434
24,3600,11,340,118,386
35,3600,117,508,168,565
37,3600,587,241,798,368
34,3600,268,354,461,435
24,3601,5,341,104,386
35,3601,118,505,166,564
37,3601,579,240,798,368
34,3601,273,354,480,436
24,3602,4,342,98,386
35,3602,119,504,164,563
37,3602,571,239,799,369
34,3602,284,353,485,436
24,3603,2,342,91,387
35,3603,120,503,163,562
37,3603,567,240,797,368
34,3603,292,352,493,437
24,3604,0,342,85,387
35,3604,121,502,162,562
37,3604,549,241,794,368
34,3604,291,350,518,441
24,3605,0,343,80,387
35,3605,121,501,162,562
37,3605,542,237,795,370
34,3605,307,350,516,440
24,3606,0,343,75,387
35,3606,121,500,162,563
37,3606,532,236,797,371
34,3606,317,350,523,439
38,3607,559,303,579,324
24,3607,0,343,69,387
35,3607,120,498,161,564
37,3607,523,236,796,371
34,3607,320,349,532,441
24,3608,0,344,54,389
35,3608,120,497,161,564
37,3608,519,238,790,369
34,3608,332,350,546,440
24,3609,0,344,47,389
35,3609,119,497,160,564
37,3609,490,236,787,373
34,3609,344,350,551,439
39,3610,528,303,546,323
24,3610,0,344,41,389
35,3610,119,496,160,564
37,3610,489,237,776,371
34,3610,352,350,557,440
39,3611,524,304,539,323
24,3611,1,345,34,390
35,3611,119,497,159,563
37,3611,488,241,763,368
34,3611,363,351,575,441
39,3612,501,304,521,324
24,3612,1,345,30,393
35,3612,119,495,159,564
37,3612,456,240,754,371
34,3612,375,350,580,442
39,3613,495,306,514,327
35,3613,119,493,159,564
37,3613,455,241,743,369
34,3613,382,350,588,444
35,3614,119,490,160,564
37,3614,453,244,734,367
34,3614,395,357,604,439
39,3615,469,306,488,325
35,3615,119,488,160,564
37,3615,420,242,726,372
34,3615,407,355,609,439
39,3616,463,307,480,327
35,3616,118,487,160,563
37,3616,420,243,715,373
34,3616,414,355,618,438
35,3617,118,486,160,562
37,3617,422,247,703,371
34,3617,429,358,634,433
40,3618,435,310,453,329
35,3618,117,486,159,561
37,3618,391,245,693,377
34,3618,439,356,640,433
35,3619,117,484,159,560
37,3619,394,248,678,375
34,3619,449,355,645,434
35,3620,116,482,159,560
37,3620,378,249,655,376
34,3620,458,356,667,433
41,3621,404,312,422,329
35,3621,116,478,158,562
37,3621,375,248,646,374
34,3621,473,351,670,425
35,3622,116,474,159,563
37,3622,374,249,635,370
34,3622,480,347,673,422
35,3623,115,471,158,564
37,3623,346,248,621,371
34,3623,498,342,695,431
35,3624,114,470,157,565
37,3624,347,249,607,371
34,3624,510,343,699,430
35,3625,113,469,157,565
37,3625,345,251,596,370
34,3625,518,355,704,433
35,3626,112,469,158,565
37,3626,319,252,587,372
34,3626,531,355,730,432
35,3627,111,469,159,565
37,3627,315,252,578,373
34,3627,545,347,732,428
35,3628,110,468,162,565
37,3628,313,254,567,373
34,3628,554,355,754,432
35,3629,109,468,165,566
37,3629,286,255,559,374
34,3629,567,347,757,429
35,3630,107,468,165,565
37,3630,282,255,550,374
34,3630,578,349,762,425
35,3631,107,469,164,565
37,3631,280,256,539,374
34,3631,586,347,784,428
35,3632,102,474,136,536
37,3632,258,255,528,374
34,3632,597,346,789,428
35,3633,105,470,155,553
37,3633,253,254,520,375
34,3633,611,345,791,426
35,3634,105,468,155,553
37,3634,248,256,512,375
34,3634,625,344,796,425
35,3635,105,467,156,552
37,3635,232,257,493,375
34,3635,633,340,797,428
35,3636,105,465,155,551
37,3636,224,258,488,377
34,3636,645,338,797,428
35,3637,106,464,156,550
37,3637,220,259,479,378
34,3637,657,336,797,428
35,3638,106,463,156,549
34,3638,664,334,799,427
37,3638,205,261,458,377
35,3639,106,462,157,549
34,3639,682,334,799,427
37,3639,197,260,451,379
35,3640,105,461,156,549
34,3640,691,332,799,425
37,3640,189,260,446,380
35,3641,105,461,155,549
34,3641,702,329,799,426
37,3641,172,261,430,379
34,3642,717,338,798,420
35,3642,105,461,154,549
37,3642,167,262,422,380
34,3643,725,337,798,419
35,3643,105,461,153,549
37,3643,160,262,416,381
34,3644,744,340,799,417
35,3644,105,461,153,549
37,3644,146,267,394,377
34,3645,754,336,799,421
35,3645,104,461,153,549
37,3645,141,264,389,379
34,3646,766,332,799,422
35,3646,103,461,153,549
37,3646,134,263,382,381
34,3647,772,326,797,425
35,3647,101,460,137,537
37,3647,127,263,380,381
35,3648,102,460,137,536
37,3648,111,266,362,381
35,3649,102,459,136,535
37,3649,105,264,355,384
35,3650,103,459,136,533
37,3650,99,264,349,384
35,3651,103,457,136,532
37,3651,85,267,334,382
35,3652,103,455,135,532
37,3652,80,266,331,386
35,3653,103,453,134,532
37,3653,81,274,317,391
35,3654,102,451,134,532
37,3654,76,276,310,390
35,3655,102,450,134,531
37,3655,59,277,292,390
35,3656,101,450,134,529
37,3656,55,275,285,391
35,3657,101,449,133,528
37,3657,50,275,278,391
35,3658,100,448,133,527
37,3658,45,277,273,390
35,3659,98,447,134,527
37,3659,32,279,257,390
35,3660,97,447,134,527
37,3660,26,278,250,391
35,3661,95,447,134,527
37,3661,21,278,242,392
35,3662,93,448,134,526
37,3662,17,280,238,392
35,3663,93,445,129,519
37,3663,8,282,220,391
35,3664,93,445,129,518
37,3664,5,282,214,391
35,3665,93,444,129,518
37,3665,1,282,209,392
35,3666,92,443,129,518
37,3666,0,283,205,393
35,3667,92,442,128,519
37,3667,0,286,199,391
35,3668,92,441,128,520
37,3668,0,288,177,388
35,3669,93,440,127,520
37,3669,0,288,169,389
35,3670,93,439,127,518
37,3670,0,290,161,390
35,3671,93,438,128,516
37,3671,0,291,156,391
35,3672,93,437,128,516
37,3672,0,292,152,392
35,3673,92,437,127,515
37,3673,0,293,150,393
35,3674,92,437,127,515
37,3674,0,295,133,392
35,3675,92,437,127,514
37,3675,0,293,118,391
35,3676,92,437,127,513
37,3676,0,293,115,390
35,3677,92,437,127,513
37,3677,0,294,110,389
35,3678,92,437,128,512
37,3678,0,294,103,390
35,3679,92,437,127,511
37,3679,0,294,96,391
42,3680,0,266,6,305
35,3680,92,436,128,510
37,3680,0,293,91,392
42,3681,0,265,6,305
37,3681,1,295,79,391
35,3681,91,436,129,511
37,3682,0,295,73,391
35,3682,91,435,130,512
35,3683,90,434,129,513
43,3684,0,296,54,389
35,3684,90,433,127,512
43,3685,0,294,46,391
35,3685,90,432,125,512
43,3686,1,294,40,392
35,3686,90,431,124,510
43,3687,1,291,34,392
35,3687,90,429,124,508
44,3688,1,288,27,394
35,3688,89,428,123,506
35,3689,89,427,124,506
35,3690,89,426,125,506
35,3691,89,425,126,505
35,3692,89,424,126,504
35,3693,88,424,126,502
35,3694,88,423,127,501
35,3695,88,423,127,499
35,3696,88,422,127,499
35,3697,87,422,126,498
35,3698,87,422,125,497
35,3699,87,421,125,497
35,3700,87,421,124,497
35,3701,87,420,124,497
35,3702,87,420,125,498
35,3703,86,419,125,498
35,3704,86,418,124,498
35,3705,85,418,123,496
35,3706,84,417,122,495
35,3707,84,416,123,495
35,3708,83,416,122,495
35,3709,82,411,116,492
35,3710,82,411,116,492
35,3711,82,411,116,492
35,3712,82,410,116,492
35,3713,82,410,116,492
35,3714,82,410,117,491
35,3715,83,410,117,491
35,3716,83,410,118,491
35,3717,83,409,119,491
35,3718,84,409,119,491
35,3719,84,409,119,490
35,3720,84,410,118,490
35,3721,85,410,118,490
35,3722,85,410,118,489
35,3723,85,411,117,488
35,3724,85,412,117,487
35,3725,84,412,117,485
35,3726,84,412,117,484
35,3727,83,411,116,484
35,3728,84,411,116,483
35,3729,84,410,116,483
35,3730,84,409,116,483
35,3731,84,408,116,483
35,3732,84,408,116,483
35,3733,84,408,116,483
35,3734,84,408,117,483
35,3735,84,408,117,483
35,3736,84,408,117,483
35,3737,83,408,117,483
35,3738,83,408,117,483
35,3739,83,408,116,483
35,3740,83,408,117,483
35,3741,83,409,116,483
35,3742,83,409,116,482
35,3743,83,409,115,482
35,3744,83,409,115,482
35,3745,82,408,114,482
35,3746,82,407,114,482
35,3747,82,407,114,482
35,3748,82,407,114,482
35,3749,81,406,114,482
35,3750,81,405,114,482
35,3751,81,405,114,481
35,3752,81,405,114,481
0,2755,0,374,46,427
1,2755,46,489,97,558
0,2756,767,315,798,378
2,2756,0,374,46,427
1,2756,48,487,97,558
0,2757,767,307,799,377
2,2757,0,374,46,427
1,2757,49,484,98,559
0,2758,758,304,799,374
2,2758,0,374,47,427
1,2758,50,481,97,559
0,2759,750,301,799,373
2,2759,0,374,47,427
1,2759,51,479,97,559
0,2760,731,296,795,376
2,2760,0,375,47,427
1,2760,50,477,99,558
0,2761,721,291,797,377
2,2761,0,375,46,427
1,2761,49,474,100,559
2,2762,0,375,46,426
1,2762,48,472,102,560
0,2762,707,286,798,392
2,2763,0,375,46,426
1,2763,48,472,102,560
0,2763,698,286,798,387
2,2764,0,375,46,426
1,2764,49,472,102,560
0,2764,690,285,797,385
2,2765,0,375,46,426
1,2765,49,472,103,560
0,2765,686,278,796,371
2,2766,0,374,46,426
1,2766,49,472,105,560
0,2766,667,275,799,365
2,2767,0,374,46,426
1,2767,49,472,106,560
0,2767,659,271,799,360
2,2768,0,374,46,426
1,2768,50,472,100,553
0,2768,649,268,799,357
2,2769,0,375,46,426
1,2769,52,472,99,552
0,2769,640,266,798,353
2,2770,0,375,45,426
1,2770,53,472,100,549
0,2770,631,263,796,350
2,2771,0,375,45,426
1,2771,55,470,100,545
0,2771,621,261,783,345
2,2772,0,375,45,426
1,2772,56,468,101,542
0,2772,614,258,777,345
2,2773,0,375,45,426
1,2773,58,466,100,541
0,2773,609,255,766,337
2,2774,0,375,46,426
1,2774,58,463,103,540
0,2774,598,254,746,331
2,2775,0,375,46,426
1,2775,59,461,105,540
0,2775,592,252,738,328
0,2776,588,251,725,318
2,2776,0,375,46,426
1,2776,59,460,108,541
0,2777,590,250,717,316
2,2777,0,374,46,426
1,2777,58,458,131,552
0,2778,575,248,699,311
2,2778,0,374,46,426
1,2778,59,459,132,550
0,2779,568,247,696,311
2,2779,0,375,45,426
1,2779,61,459,132,549
0,2780,563,245,687,309
2,2780,0,375,46,426
1,2780,62,459,131,548
0,2781,562,245,679,307
2,2781,0,375,46,426
1,2781,62,458,130,547
0,2755,401,137,413,147
1,2755,369,159,388,173
2,2755,249,189,270,207
3,2755,435,183,462,202
4,2755,223,211,250,234
5,2755,0,374,46,427
6,2755,46,489,97,558
0,2756,401,137,413,147
1,2756,370,159,388,172
3,2756,413,156,428,170
2,2756,249,189,270,207
7,2756,434,183,462,202
4,2756,223,211,250,234
5,2756,767,315,798,378
8,2756,0,374,46,427
6,2756,48,487,97,558
1,2757,370,159,388,172
2,2757,248,189,270,207
7,2757,435,183,463,203
4,2757,223,212,250,234
5,2757,767,307,799,377
8,2757,0,374,46,427
6,2757,49,484,98,559
1,2758,370,159,387,172
2,2758,248,190,270,208
7,2758,435,184,463,203
4,2758,223,212,250,234
5,2758,758,304,799,374
8,2758,0,374,47,427
6,2758,50,481,97,559
1,2759,369,159,387,172
2,2759,247,190,270,208
7,2759,435,184,463,202
4,2759,223,212,250,234
5,2759,750,301,799,373
8,2759,0,374,47,427
6,2759,51,479,97,559
1,2760,369,159,387,171
2,2760,248,189,270,208
7,2760,435,184,463,203
4,2760,224,212,250,234
5,2760,731,296,795,376
8,2760,0,375,47,427
6,2760,50,477,99,558
1,2761,369,158,387,171
7,2761,414,156,428,170
2,2761,248,189,270,207
9,2761,435,184,463,203
4,2761,224,212,250,234
5,2761,721,291,797,377
8,2761,0,375,46,427
6,2761,49,474,100,559
1,2762,369,157,387,170
7,2762,414,156,428,169
9,2762,435,184,463,203
4,2762,224,212,250,233
8,2762,0,375,46,426
6,2762,48,472,102,560
5,2762,707,286,798,392
1,2763,369,157,387,170
7,2763,414,156,428,169
9,2763,436,184,463,203
4,2763,224,213,250,233
8,2763,0,375,46,426
6,2763,48,472,102,560
5,2763,698,286,798,387
1,2764,369,156,387,170
7,2764,413,156,428,169
9,2764,436,183,462,203
4,2764,224,213,250,233
8,2764,0,375,46,426
6,2764,49,472,102,560
5,2764,690,285,797,385
1,2765,369,156,387,169
9,2765,436,183,463,203
4,2765,224,213,250,233
8,2765,0,375,46,426
6,2765,49,472,103,560
5,2765,686,278,796,371
1,2766,369,156,387,169
9,2766,436,184,463,203
4,2766,223,212,250,234
8,2766,0,374,46,426
6,2766,49,472,105,560
5,2766,667,275,799,365
1,2767,369,155,387,169
9,2767,436,183,463,203
4,2767,223,212,249,234
8,2767,0,374,46,426
6,2767,49,472,106,560
5,2767,659,271,799,360
1,2768,369,155,388,168
9,2768,413,156,428,171
10,2768,436,183,463,202
4,2768,223,212,249,234
8,2768,0,374,46,426
6,2768,50,472,100,553
5,2768,649,268,799,357
1,2769,369,154,388,168
9,2769,413,157,428,171
10,2769,436,182,463,202
4,2769,223,212,249,234
8,2769,0,375,46,426
6,2769,52,472,99,552
5,2769,640,266,798,353
1,2770,369,154,388,168
9,2770,413,157,429,171
10,2770,436,182,463,202
4,2770,223,212,250,234
8,2770,0,375,45,426
6,2770,53,472,100,549
5,2770,631,263,796,350
1,2771,369,154,387,168
9,2771,413,157,429,171
10,2771,436,181,463,202
4,2771,223,213,250,234
8,2771,0,375,45,426
6,2771,55,470,100,545
5,2771,621,261,783,345
1,2772,369,154,387,168
9,2772,413,156,428,171
10,2772,436,181,462,202
4,2772,223,213,250,234
8,2772,0,375,45,426
6,2772,56,468,101,542
5,2772,614,258,777,345
